device_time_stamp,system_time_stamp,left_gaze_point_on_display_area,left_gaze_point_in_user_coordinate_system,left_gaze_point_validity,left_pupil_diameter,left_pupil_validity,left_gaze_origin_in_user_coordinate_system,left_gaze_origin_validity,right_gaze_point_on_display_area,right_gaze_point_in_user_coordinate_system,right_gaze_point_validity,right_pupil_diameter,right_pupil_validity,right_gaze_origin_in_user_coordinate_system,right_gaze_origin_validity
8792080259,8765957727,"(0.5315752029418945, 0.3601500689983368)","(18.55289077758789, 197.39901733398438, 65.01028442382812)",1,4.1240234375,1,"(-22.00380516052246, -19.20290756225586, 598.9313354492188)",1,"(0.5355573296546936, 0.40514659881591797)","(20.75625228881836, 184.2392120361328, 60.22053909301758)",1,4.0750274658203125,1,"(36.50852966308594, -22.782846450805664, 598.3360595703125)",1
8792096771,8765974239,"(0.5324046015739441, 0.3617812693119049)","(19.01180076599121, 196.92196655273438, 64.83665466308594)",1,4.1306304931640625,1,"(-21.926652908325195, -19.186798095703125, 598.9188842773438)",1,"(0.53711998462677, 0.4051833152770996)","(21.620830535888672, 184.22853088378906, 60.21662521362305)",1,4.0662994384765625,1,"(36.57769775390625, -22.76192855834961, 598.3342895507812)",1
8792113585,8765991054,"(0.5324367880821228, 0.36215153336524963)","(19.029619216918945, 196.8136749267578, 64.79722595214844)",1,4.1196441650390625,1,"(-21.80462074279785, -19.17534637451172, 598.8207397460938)",1,"(0.5348654389381409, 0.408223032951355)","(20.373409271240234, 183.3394775390625, 59.8930778503418)",1,4.0741119384765625,1,"(36.70759582519531, -22.732919692993164, 598.2144775390625)",1
8792130179,8766007649,"(0.5324075222015381, 0.3608245551586151)","(19.013458251953125, 197.2017059326172, 64.93856811523438)",1,4.1237640380859375,1,"(-21.65498161315918, -19.16072654724121, 598.7273559570312)",1,"(0.5360906720161438, 0.40737268328666687)","(21.051332473754883, 183.58816528320312, 59.983604431152344)",1,4.0854949951171875,1,"(36.83451461791992, -22.69870948791504, 598.1143798828125)",1
8792146737,8766024207,"(0.5313296914100647, 0.3603720963001251)","(18.417049407958984, 197.3340606689453, 64.9867172241211)",1,4.128265380859375,1,"(-21.543807983398438, -19.145902633666992, 598.5701293945312)",1,"(0.5364565253257751, 0.4065569043159485)","(21.253751754760742, 183.82675170898438, 60.070438385009766)",1,4.0733795166015625,1,"(36.92747497558594, -22.67013931274414, 597.9539794921875)",1
8792163501,8766040971,"(0.5330792665481567, 0.3618067800998688)","(19.38511848449707, 196.91448974609375, 64.83393096923828)",1,4.1298980712890625,1,"(-21.351299285888672, -19.13298225402832, 598.2500610351562)",1,"(0.5371741652488708, 0.4064943790435791)","(21.650833129882812, 183.84507751464844, 60.07707595825195)",1,4.0630645751953125,1,"(37.10418701171875, -22.638280868530273, 597.5907592773438)",1
8792180099,8766057569,"(0.5347784757614136, 0.3617667853832245)","(20.325292587280273, 196.92616271972656, 64.8382339477539)",1,4.11871337890625,1,"(-21.103660583496094, -19.144575119018555, 598.1575927734375)",1,"(0.5359178185462952, 0.4074534773826599)","(20.95568084716797, 183.56455993652344, 59.97496032714844)",1,4.07305908203125,1,"(37.332923889160156, -22.663721084594727, 597.4874877929688)",1
8792196606,8766074076,"(0.5314793586730957, 0.36035215854644775)","(18.499849319458008, 197.3398895263672, 64.98880004882812)",1,4.113616943359375,1,"(-20.922130584716797, -19.162433624267578, 598.1546630859375)",1,"(0.5362293124198914, 0.40586045384407043)","(21.12800407409668, 184.03048706054688, 60.1445426940918)",1,4.074981689453125,1,"(37.49614715576172, -22.696809768676758, 597.4693603515625)",1
8792213417,8766090887,"(0.5316327810287476, 0.3584563732147217)","(18.584733963012695, 197.89434814453125, 65.19059753417969)",1,4.119293212890625,1,"(-20.640316009521484, -19.18194580078125, 598.136474609375)",1,"(0.5344322323799133, 0.4038391411304474)","(20.133708953857422, 184.6216278076172, 60.3597526550293)",1,4.0814666748046875,1,"(37.79629898071289, -22.75108528137207, 597.4240112304688)",1
8792230025,8766107495,"(0.5323824882507324, 0.3637855350971222)","(18.999584197998047, 196.3357696533203, 64.62332916259766)",1,4.1312408447265625,1,"(-20.341768264770508, -19.19036865234375, 598.2175903320312)",1,"(0.5334097743034363, 0.4042948782444)","(19.567995071411133, 184.48831176757812, 60.311222076416016)",1,4.0916290283203125,1,"(38.072139739990234, -22.808528900146484, 597.4749755859375)",1
8792246572,8766124042,"(0.5327281355857849, 0.3617062270641327)","(19.19083595275879, 196.94386291503906, 64.84468078613281)",1,4.1398162841796875,1,"(-20.165225982666016, -19.19680404663086, 598.3538818359375)",1,"(0.5334954261779785, 0.40375974774360657)","(19.61532974243164, 184.64486694335938, 60.36818313598633)",1,4.085418701171875,1,"(38.262943267822266, -22.83734130859375, 597.5873413085938)",1
8792263332,8766140802,"(0.5332795977592468, 0.3624180555343628)","(19.495986938476562, 196.73568725585938, 64.76889038085938)",1,4.1445770263671875,1,"(-19.881061553955078, -19.212404251098633, 598.48095703125)",1,"(0.5356010794639587, 0.4033885598182678)","(20.7803955078125, 184.75338745117188, 60.4077033996582)",1,4.0999603271484375,1,"(38.5698127746582, -22.906930923461914, 597.6866455078125)",1
8792279945,8766157415,"(0.5329857468605042, 0.3630494475364685)","(19.333375930786133, 196.55104064941406, 64.70165252685547)",1,4.1439971923828125,1,"(-19.566791534423828, -19.205604553222656, 598.3819580078125)",1,"(0.5348950028419495, 0.40654706954956055)","(20.38971710205078, 183.82965087890625, 60.07148361206055)",1,4.1004180908203125,1,"(38.842979431152344, -22.93768882751465, 597.5669555664062)",1
8792296441,8766173911,"(0.5344650149345398, 0.36328426003456116)","(20.151836395263672, 196.48239135742188, 64.67667388916016)",1,4.1365203857421875,1,"(-19.400468826293945, -19.195470809936523, 598.3523559570312)",1,"(0.5350945591926575, 0.4083157777786255)","(20.500219345092773, 183.31234741210938, 59.8831901550293)",1,4.0990753173828125,1,"(39.001953125, -22.95470428466797, 597.51416015625)",1
8792313247,8766190717,"(0.5103632807731628, 0.3996821939945221)","(6.816366672515869, 185.83740234375, 60.80219650268555)",1,4.1228485107421875,1,"(-19.220361709594727, -19.280874252319336, 598.2706298828125)",1,"(0.5099563002586365, 0.4540160596370697)","(6.591139793395996, 169.94680786132812, 55.01850128173828)",1,4.0997161865234375,1,"(39.074825286865234, -23.08385467529297, 597.4149169921875)",1
8792329864,8766207335,"(0.47025153040885925, 0.5050367116928101)","(-15.37747859954834, 155.02520751953125, 49.587562561035156)",1,4.1418304443359375,1,"(-19.155834197998047, -19.457561492919922, 598.8750610351562)",1,"(0.4710082709789276, 0.5396274924278259)","(-14.958806037902832, 144.90872192382812, 45.9054069519043)",1,4.116058349609375,1,"(38.99622344970703, -23.267770767211914, 597.9827880859375)",1
8792346407,8766223878,"(0.47172635793685913, 0.5053218007087708)","(-14.561448097229004, 154.94180297851562, 49.557193756103516)",1,4.1469879150390625,1,"(-19.087318420410156, -19.47634506225586, 598.9411010742188)",1,"(0.47224658727645874, 0.5423879623413086)","(-14.27361011505127, 144.10137939453125, 45.6115608215332)",1,4.1343841552734375,1,"(39.07752227783203, -23.29405975341797, 598.1326904296875)",1
8792363162,8766240633,"(0.46949195861816406, 0.5023925304412842)","(-15.797728538513184, 155.79852294921875, 49.868953704833984)",1,4.1375732421875,1,"(-18.946990966796875, -19.45758628845215, 598.5432739257812)",1,"(0.47126197814941406, 0.5458083748817444)","(-14.818416595458984, 143.10104370117188, 45.24747085571289)",1,4.1383209228515625,1,"(39.235836029052734, -23.297401428222656, 597.6664428710938)",1
8792379789,8766257260,"(0.46818602085113525, 0.5113769769668579)","(-16.520339965820312, 153.1708984375, 48.91261672973633)",1,4.13812255859375,1,"(-18.799602508544922, -19.43355369567871, 598.0474853515625)",1,"(0.46861833333969116, 0.5509093403816223)","(-16.281131744384766, 141.6092071533203, 44.70451354980469)",1,4.1321868896484375,1,"(39.33673858642578, -23.27878761291504, 597.1783447265625)",1
8792396373,8766273844,"(0.4675004780292511, 0.5121476650238037)","(-16.899625778198242, 152.9454803466797, 48.830589294433594)",1,4.148956298828125,1,"(-18.716426849365234, -19.42360496520996, 597.8050537109375)",1,"(0.4663982391357422, 0.5477635264396667)","(-17.50952911376953, 142.5292205810547, 45.03936004638672)",1,4.118560791015625,1,"(39.40864562988281, -23.268457412719727, 596.93359375)",1
8792413078,8766290549,"(0.46876174211502075, 0.5131180882453918)","(-16.2017765045166, 152.66168212890625, 48.727264404296875)",1,4.148284912109375,1,"(-18.598926544189453, -19.40766716003418, 597.491943359375)",1,"(0.46819257736206055, 0.5522410869598389)","(-16.516691207885742, 141.21971130371094, 44.562713623046875)",1,4.12451171875,1,"(39.50037384033203, -23.25026512145996, 596.5827026367188)",1
8792429709,8766307180,"(0.46742305159568787, 0.5134556293487549)","(-16.942506790161133, 152.56300354003906, 48.69131851196289)",1,4.158782958984375,1,"(-18.471710205078125, -19.397869110107422, 597.2913208007812)",1,"(0.4698926508426666, 0.5505384802818298)","(-15.576031684875488, 141.71763610839844, 44.74395751953125)",1,4.1213531494140625,1,"(39.59975051879883, -23.237485885620117, 596.39599609375)",1
8792446243,8766323714,"(0.4683223366737366, 0.5119544267654419)","(-16.444889068603516, 153.0019989013672, 48.85111618041992)",1,4.1597747802734375,1,"(-18.409034729003906, -19.396892547607422, 597.3226928710938)",1,"(0.4679907262325287, 0.5512280464172363)","(-16.628419876098633, 141.51602172851562, 44.67055130004883)",1,4.1297454833984375,1,"(39.66675567626953, -23.239377975463867, 596.41748046875)",1
8792462994,8766340465,"(0.4643291234970093, 0.512394368648529)","(-18.65433692932129, 152.87335205078125, 48.80431365966797)",1,4.1580963134765625,1,"(-18.311410903930664, -19.38619613647461, 597.31640625)",1,"(0.46745046973228455, 0.5528314113616943)","(-16.927316665649414, 141.0470428466797, 44.49989700317383)",1,4.13751220703125,1,"(39.754207611083984, -23.23914337158203, 596.3955688476562)",1
8792479629,8766357100,"(0.41540488600730896, 0.468474417924881)","(-45.72417449951172, 165.71826171875, 53.47947692871094)",1,4.1562042236328125,1,"(-18.40422821044922, -19.301189422607422, 597.2203369140625)",1,"(0.4255788326263428, 0.5066190958023071)","(-40.09490966796875, 154.5624237060547, 49.41905975341797)",1,4.135101318359375,1,"(39.617977142333984, -23.168973922729492, 596.2947387695312)",1
8792496209,8766373680,"(0.40094998478889465, 0.460705429315567)","(-53.72205352783203, 167.99041748046875, 54.30644226074219)",1,4.148681640625,1,"(-18.469829559326172, -19.247133255004883, 596.988037109375)",1,"(0.4042756259441376, 0.48853784799575806)","(-51.8819465637207, 159.85047912597656, 51.34376907348633)",1,4.1284637451171875,1,"(39.517330169677734, -23.126588821411133, 596.1028442382812)",1
8792512909,8766390381,"(0.40403446555137634, 0.46809643507003784)","(-52.015419006347656, 165.82882690429688, 53.51971435546875)",1,4.1638031005859375,1,"(-18.46893310546875, -19.261272430419922, 597.4380493164062)",1,"(0.4072793424129486, 0.49308016896247864)","(-50.22002410888672, 158.52203369140625, 50.86027145385742)",1,4.1294097900390625,1,"(39.583255767822266, -23.148338317871094, 596.5593872070312)",1
8792529549,8766407021,"(0.4007529616355896, 0.46767210960388184)","(-53.831077575683594, 165.95291137695312, 53.564903259277344)",1,4.1556243896484375,1,"(-18.400009155273438, -19.2303466796875, 597.134521484375)",1,"(0.4025122821331024, 0.4899613857269287)","(-52.85761260986328, 159.43414306640625, 51.192237854003906)",1,4.136138916015625,1,"(39.62975311279297, -23.157264709472656, 596.2440185546875)",1
8792546079,8766423551,"(0.3986620008945465, 0.4645382761955261)","(-54.98799133300781, 166.86944580078125, 53.89848709106445)",1,4.1463623046875,1,"(-18.373722076416016, -19.220003128051758, 597.0797729492188)",1,"(0.4022115170955658, 0.49203553795814514)","(-53.02402114868164, 158.82752990722656, 50.971439361572266)",1,4.1436309814453125,1,"(39.647281646728516, -23.15549087524414, 596.1710815429688)",1
8792562824,8766440296,"(0.39729297161102295, 0.46543633937835693)","(-55.7454719543457, 166.6067657470703, 53.80291748046875)",1,4.1561431884765625,1,"(-18.34248924255371, -19.211383819580078, 597.2442626953125)",1,"(0.403415322303772, 0.4902375638484955)","(-52.35798645019531, 159.35337829589844, 51.16283416748047)",1,4.1451263427734375,1,"(39.701072692871094, -23.16545867919922, 596.349365234375)",1
8792579469,8766456941,"(0.3980303704738617, 0.46725139021873474)","(-55.337459564208984, 166.0759735107422, 53.609657287597656)",1,4.163543701171875,1,"(-18.33191680908203, -19.19974708557129, 597.470703125)",1,"(0.40521708130836487, 0.4880528450012207)","(-51.361083984375, 159.99234008789062, 51.39533996582031)",1,4.14349365234375,1,"(39.73540115356445, -23.158935546875, 596.5548706054688)",1
8792596045,8766473517,"(0.3982047140598297, 0.46616554260253906)","(-55.24100112915039, 166.39353942871094, 53.725223541259766)",1,4.1726837158203125,1,"(-18.330564498901367, -19.191078186035156, 597.5338745117188)",1,"(0.4036964178085327, 0.48787689208984375)","(-52.202457427978516, 160.04379272460938, 51.41410446166992)",1,4.1575927734375,1,"(39.74788284301758, -23.14316177368164, 596.6241455078125)",1
8792612739,8766490211,"(0.39853987097740173, 0.46501538157463074)","(-55.0555305480957, 166.72988891601562, 53.84770202636719)",1,4.17913818359375,1,"(-18.358219146728516, -19.158689498901367, 597.669677734375)",1,"(0.4033117890357971, 0.4895187318325043)","(-52.41525650024414, 159.56361389160156, 51.23937225341797)",1,4.1612396240234375,1,"(39.74310302734375, -23.10590171813965, 596.77197265625)",1
8792629389,8766506861,"(0.39843907952308655, 0.46430113911628723)","(-55.11134338378906, 166.93881225585938, 53.92369079589844)",1,4.1910552978515625,1,"(-18.419052124023438, -19.138599395751953, 597.8713989257812)",1,"(0.4035385251045227, 0.48776352405548096)","(-52.289817810058594, 160.0769500732422, 51.42622375488281)",1,4.1621551513671875,1,"(39.703521728515625, -23.07960319519043, 596.964599609375)",1
8792645914,8766523386,"(0.39953479170799255, 0.46767693758010864)","(-54.50505065917969, 165.95150756835938, 53.564353942871094)",1,4.1951141357421875,1,"(-18.476825714111328, -19.134714126586914, 598.0236206054688)",1,"(0.4035625457763672, 0.48686355352401733)","(-52.27650451660156, 160.3401336669922, 51.52201461791992)",1,4.179229736328125,1,"(39.662925720214844, -23.07334327697754, 597.1180419921875)",1
8792662655,8766540127,"(0.39861246943473816, 0.4638492465019226)","(-55.015377044677734, 167.07095336914062, 53.971778869628906)",1,4.2073516845703125,1,"(-18.562305450439453, -19.146509170532227, 598.2302856445312)",1,"(0.4004783034324646, 0.48873794078826904)","(-53.98301696777344, 159.79196166992188, 51.32246780395508)",1,4.1935882568359375,1,"(39.606258392333984, -23.071094512939453, 597.3416137695312)",1
8792679309,8766556781,"(0.39764899015426636, 0.4688853323459625)","(-55.54848861694336, 165.59808349609375, 53.43570327758789)",1,4.22314453125,1,"(-18.635587692260742, -19.147340774536133, 598.0892333984375)",1,"(0.4004576802253723, 0.4883977174758911)","(-53.99443435668945, 159.89146423339844, 51.35869216918945)",1,4.1927490234375,1,"(39.518760681152344, -23.063941955566406, 597.2137451171875)",1
8792695880,8766573352,"(0.3992559611797333, 0.47101932764053345)","(-54.65932846069336, 164.97396850585938, 53.20855712890625)",1,4.2353363037109375,1,"(-18.689006805419922, -19.150569915771484, 598.113525390625)",1,"(0.4029744267463684, 0.4884280562400818)","(-52.6019172668457, 159.88255310058594, 51.35547637939453)",1,4.2042694091796875,1,"(39.459293365478516, -23.057628631591797, 597.2325439453125)",1
8792712571,8766590043,"(0.3993275463581085, 0.4681931138038635)","(-54.61973190307617, 165.800537109375, 53.5094108581543)",1,4.2285308837890625,1,"(-18.778263092041016, -19.168790817260742, 598.2939453125)",1,"(0.40185633301734924, 0.4887993335723877)","(-53.22057342529297, 159.7740020751953, 51.31595230102539)",1,4.2064971923828125,1,"(39.40131759643555, -23.052427291870117, 597.4329833984375)",1
8792729229,8766606701,"(0.39877355098724365, 0.4671066105365753)","(-54.9262580871582, 166.11831665039062, 53.62506866455078)",1,4.24346923828125,1,"(-18.85450553894043, -19.189573287963867, 598.390869140625)",1,"(0.3997451961040497, 0.4884166717529297)","(-54.38865661621094, 159.88592529296875, 51.356651306152344)",1,4.217559814453125,1,"(39.347965240478516, -23.044775009155273, 597.5288696289062)",1
8792745749,8766623221,"(0.39833810925483704, 0.4688027799129486)","(-55.16722106933594, 165.62225341796875, 53.444522857666016)",1,4.2466888427734375,1,"(-18.898162841796875, -19.18964195251465, 598.4334716796875)",1,"(0.40311866998672485, 0.49223625659942627)","(-52.5221061706543, 158.7688446044922, 50.95004653930664)",1,4.216094970703125,1,"(39.31035614013672, -23.03565788269043, 597.57080078125)",1
8792762486,8766639958,"(0.3997342586517334, 0.4682222306728363)","(-54.394718170166016, 165.7920379638672, 53.506290435791016)",1,4.23968505859375,1,"(-18.979116439819336, -19.202924728393555, 598.4805908203125)",1,"(0.4040865898132324, 0.490799218416214)","(-51.98657989501953, 159.18911743164062, 51.10308074951172)",1,4.2079620361328125,1,"(39.23512268066406, -23.041601181030273, 597.62548828125)",1
8792779149,8766656621,"(0.398074209690094, 0.46894362568855286)","(-55.3132209777832, 165.5810546875, 53.42948913574219)",1,4.2313690185546875,1,"(-19.08877182006836, -19.241416931152344, 598.440673828125)",1,"(0.4015311300754547, 0.4895312190055847)","(-53.400516510009766, 159.55996704101562, 51.23804473876953)",1,4.2065277099609375,1,"(39.137306213378906, -23.06123924255371, 597.5972900390625)",1
8792795716,8766673188,"(0.3978704512119293, 0.4704288840293884)","(-55.42594528198242, 165.14663696289062, 53.27142333984375)",1,4.2274169921875,1,"(-19.18274688720703, -19.2593936920166, 598.579345703125)",1,"(0.40099847316741943, 0.49107658863067627)","(-53.695220947265625, 159.10800170898438, 51.073524475097656)",1,4.21343994140625,1,"(39.063941955566406, -23.074337005615234, 597.737060546875)",1
8792812401,8766689873,"(0.3972480595111847, 0.4681409001350403)","(-55.77033615112305, 165.8157958984375, 53.51498794555664)",1,4.2206573486328125,1,"(-19.342893600463867, -19.31122398376465, 598.81005859375)",1,"(0.400939404964447, 0.48956868052482605)","(-53.727909088134766, 159.5489959716797, 51.23401641845703)",1,4.194244384765625,1,"(38.93137741088867, -23.10457420349121, 597.9923706054688)",1
8792829069,8766706541,"(0.3994961082935333, 0.4654805362224579)","(-54.52648162841797, 166.5938720703125, 53.79814910888672)",1,4.2091064453125,1,"(-19.52193832397461, -19.36433982849121, 598.9010009765625)",1,"(0.40230879187583923, 0.49029257893562317)","(-52.970237731933594, 159.33729553222656, 51.156978607177734)",1,4.1813507080078125,1,"(38.78860092163086, -23.132476806640625, 598.0919189453125)",1
8792845584,8766723056,"(0.39769643545150757, 0.46123385429382324)","(-55.52225112915039, 167.8358612060547, 54.250221252441406)",1,4.19354248046875,1,"(-19.61180877685547, -19.39413070678711, 598.8513793945312)",1,"(0.40295135974884033, 0.49139779806137085)","(-52.614662170410156, 159.01405334472656, 51.0393180847168)",1,4.1766204833984375,1,"(38.69820785522461, -23.14745330810547, 598.0582885742188)",1
8792862316,8766739788,"(0.3975537121295929, 0.4668412208557129)","(-55.601219177246094, 166.19590759277344, 53.653350830078125)",1,4.1887969970703125,1,"(-19.73295783996582, -19.42173194885254, 598.7445068359375)",1,"(0.4014013409614563, 0.49161282181739807)","(-53.47228240966797, 158.95114135742188, 51.01645278930664)",1,4.154144287109375,1,"(38.56730651855469, -23.168285369873047, 597.95361328125)",1
8792878989,8766756461,"(0.39839524030685425, 0.46763452887535095)","(-55.13557434082031, 165.96389770507812, 53.568912506103516)",1,4.174957275390625,1,"(-19.838720321655273, -19.45430564880371, 598.6258544921875)",1,"(0.40017008781433105, 0.4923991560935974)","(-54.153568267822266, 158.72120666503906, 50.9327278137207)",1,4.1533966064453125,1,"(38.473854064941406, -23.185636520385742, 597.8533935546875)",1
8792895550,8766773022,"(0.40101170539855957, 0.4694741666316986)","(-53.687896728515625, 165.4258575439453, 53.373085021972656)",1,4.1723175048828125,1,"(-19.891376495361328, -19.47676658630371, 598.6218872070312)",1,"(0.402214378118515, 0.49246329069137573)","(-53.022464752197266, 158.7024688720703, 50.9258918762207)",1,4.154754638671875,1,"(38.42396926879883, -23.2028751373291, 597.8549194335938)",1
8792912232,8766789705,"(0.4007625877857208, 0.46769800782203674)","(-53.825740814208984, 165.9453125, 53.56212615966797)",1,4.1669158935546875,1,"(-19.956857681274414, -19.513744354248047, 598.615478515625)",1,"(0.40197592973709106, 0.49206483364105225)","(-53.1544075012207, 158.8189697265625, 50.96836471557617)",1,4.1469879150390625,1,"(38.359130859375, -23.23198699951172, 597.8500366210938)",1
8792928905,8766806378,"(0.3997742831707001, 0.4709864854812622)","(-54.372562408447266, 164.98358154296875, 53.21207809448242)",1,4.1623077392578125,1,"(-20.027055740356445, -19.55878448486328, 598.5299682617188)",1,"(0.402508944272995, 0.4922220706939697)","(-52.85948181152344, 158.77301025390625, 50.95158386230469)",1,4.143463134765625,1,"(38.28417205810547, -23.260665893554688, 597.7735595703125)",1
8792945420,8766822893,"(0.40016254782676697, 0.4671298563480377)","(-54.15775680541992, 166.11151123046875, 53.622581481933594)",1,4.156585693359375,1,"(-20.091190338134766, -19.593076705932617, 598.5687255859375)",1,"(0.40246090292930603, 0.49094659090042114)","(-52.88603210449219, 159.14601135253906, 51.08734893798828)",1,4.1375732421875,1,"(38.241085052490234, -23.285533905029297, 597.8154907226562)",1
8792962148,8766839621,"(0.3997843861579895, 0.4632667899131775)","(-54.366973876953125, 167.2413330078125, 54.03380584716797)",1,4.1434783935546875,1,"(-20.187152862548828, -19.64252281188965, 598.7283325195312)",1,"(0.40445223450660706, 0.48893827199935913)","(-51.784244537353516, 159.73336791992188, 51.30112838745117)",1,4.140289306640625,1,"(38.159996032714844, -23.32271385192871, 597.9829711914062)",1
8792978829,8766856302,"(0.40084683895111084, 0.4652955234050751)","(-53.77909469604492, 166.64794921875, 53.81789016723633)",1,4.142608642578125,1,"(-20.28251075744629, -19.677066802978516, 598.6817016601562)",1,"(0.40445783734321594, 0.4895256757736206)","(-51.78117370605469, 159.56161499023438, 51.23858642578125)",1,4.13555908203125,1,"(38.077816009521484, -23.346942901611328, 597.9439086914062)",1
8792995386,8766872859,"(0.40164199471473694, 0.4646618664264679)","(-53.339168548583984, 166.83326721191406, 53.885337829589844)",1,4.1391143798828125,1,"(-20.329477310180664, -19.689136505126953, 598.7211303710938)",1,"(0.4015381634235382, 0.490335613489151)","(-53.39661407470703, 159.32467651367188, 51.15236282348633)",1,4.14251708984375,1,"(38.04661560058594, -23.35604476928711, 597.9938354492188)",1
8793012063,8766889536,"(0.4018489718437195, 0.46552976965904236)","(-53.224674224853516, 166.57948303222656, 53.792911529541016)",1,4.153900146484375,1,"(-20.393598556518555, -19.691125869750977, 598.833740234375)",1,"(0.40229088068008423, 0.4880511462688446)","(-52.98014450073242, 159.99282836914062, 51.39553451538086)",1,4.1468353271484375,1,"(37.99343490600586, -23.353897094726562, 598.120361328125)",1
8793028749,8766906222,"(0.40209057927131653, 0.46783724427223206)","(-53.090946197509766, 165.9046173095703, 53.54732894897461)",1,4.160797119140625,1,"(-20.444162368774414, -19.673023223876953, 598.866455078125)",1,"(0.402341365814209, 0.4864024519920349)","(-52.95219802856445, 160.4750213623047, 51.57105255126953)",1,4.1541290283203125,1,"(37.96665573120117, -23.336400985717773, 598.1514282226562)",1
8793045256,8766922729,"(0.4021492302417755, 0.46779897809028625)","(-53.05849075317383, 165.91580200195312, 53.55138397216797)",1,4.159515380859375,1,"(-20.461496353149414, -19.675079345703125, 598.9285888671875)",1,"(0.4030251204967499, 0.48530709743499756)","(-52.57386779785156, 160.79534912109375, 51.68765640258789)",1,4.1584320068359375,1,"(37.95787048339844, -23.33022117614746, 598.2118530273438)",1
8793061979,8766939452,"(0.4025965929031372, 0.461931437253952)","(-52.81098937988281, 167.63180541992188, 54.175960540771484)",1,4.157562255859375,1,"(-20.489076614379883, -19.6997013092041, 599.0853271484375)",1,"(0.4032811224460602, 0.4853491485118866)","(-52.43225860595703, 160.7830352783203, 51.6832160949707)",1,4.15594482421875,1,"(37.955116271972656, -23.34042739868164, 598.3861083984375)",1
8793078664,8766956137,"(0.3895995020866394, 0.43364217877388)","(-60.00226593017578, 175.90536499023438, 57.1872673034668)",1,4.175384521484375,1,"(-20.549325942993164, -19.66545295715332, 599.2130737304688)",1,"(0.39845314621925354, 0.453483909368515)","(-55.10353469848633, 170.10238647460938, 55.07517623901367)",1,4.163787841796875,1,"(37.88505935668945, -23.29520606994629, 598.4998168945312)",1
8793095222,8766972695,"(0.38690024614334106, 0.41538289189338684)","(-61.49576950073242, 181.2454833984375, 59.130916595458984)",1,4.16864013671875,1,"(-20.587778091430664, -19.634729385375977, 599.067626953125)",1,"(0.3941352963447571, 0.4345249533653259)","(-57.49259567260742, 175.6471710205078, 57.09333801269531)",1,4.1622467041015625,1,"(37.815887451171875, -23.249757766723633, 598.3594360351562)",1
8793111893,8766989366,"(0.391436904668808, 0.41926395893096924)","(-58.98566436767578, 180.11045837402344, 58.71780014038086)",1,4.1628570556640625,1,"(-20.663501739501953, -19.67252540588379, 598.7548828125)",1,"(0.3940710723400116, 0.43901100754737854)","(-57.528160095214844, 174.33518981933594, 56.615814208984375)",1,4.1526947021484375,1,"(37.72581100463867, -23.260540008544922, 598.0284423828125)",1
8793128585,8767006058,"(0.3897826671600342, 0.42465004324913025)","(-59.90092086791992, 178.5352325439453, 58.14447021484375)",1,4.169525146484375,1,"(-20.763532638549805, -19.709718704223633, 598.3408813476562)",1,"(0.39470919966697693, 0.4413059949874878)","(-57.1750602722168, 173.6639862060547, 56.371490478515625)",1,4.1708526611328125,1,"(37.61399841308594, -23.28374671936035, 597.6497192382812)",1
8793145091,8767022564,"(0.39298439025878906, 0.4214184284210205)","(-58.12941360473633, 179.48033142089844, 58.488460540771484)",1,4.159088134765625,1,"(-20.829580307006836, -19.72588348388672, 598.0628662109375)",1,"(0.3944261074066162, 0.440047025680542)","(-57.33171081542969, 174.03219604492188, 56.50551986694336)",1,4.17535400390625,1,"(37.549339294433594, -23.2960262298584, 597.3655395507812)",1
8793161809,8767039282,"(0.3910607397556305, 0.4248913824558258)","(-59.193748474121094, 178.46461486816406, 58.1187744140625)",1,4.16241455078125,1,"(-20.896469116210938, -19.751218795776367, 597.769775390625)",1,"(0.3918141722679138, 0.43990492820739746)","(-58.77687454223633, 174.07371520996094, 56.52061462402344)",1,4.1729278564453125,1,"(37.46647644042969, -23.31770896911621, 597.0654296875)",1
8793178505,8767055978,"(0.38870611786842346, 0.4278198778629303)","(-60.496585845947266, 177.60816955566406, 57.80702590942383)",1,4.15948486328125,1,"(-20.934972763061523, -19.767192840576172, 597.452392578125)",1,"(0.39498186111450195, 0.4447839558124542)","(-57.02420425415039, 172.64682006835938, 56.0012321472168)",1,4.1807403564453125,1,"(37.39841842651367, -23.33406639099121, 596.7821655273438)",1
8793195057,8767072530,"(0.3882296085357666, 0.4255967438220978)","(-60.76023864746094, 178.2583465576172, 58.04365921020508)",1,4.1610870361328125,1,"(-20.95414924621582, -19.77870750427246, 597.2652587890625)",1,"(0.3949097990989685, 0.4424370229244232)","(-57.06407165527344, 173.33322143554688, 56.251060485839844)",1,4.1883392333984375,1,"(37.375770568847656, -23.337900161743164, 596.595703125)",1
8793211725,8767089198,"(0.38932621479034424, 0.42288467288017273)","(-60.15347671508789, 179.05152893066406, 58.33240509033203)",1,4.1593475341796875,1,"(-20.97219467163086, -19.79772186279297, 596.9339599609375)",1,"(0.39507588744163513, 0.4430731534957886)","(-56.97218322753906, 173.1471405029297, 56.18336868286133)",1,4.187713623046875,1,"(37.341243743896484, -23.338970184326172, 596.2457275390625)",1
8793228424,8767105897,"(0.39011138677597046, 0.42526090145111084)","(-59.71904754638672, 178.35653686523438, 58.07944107055664)",1,4.15948486328125,1,"(-20.998353958129883, -19.805234909057617, 596.6553955078125)",1,"(0.3938913941383362, 0.4435042142868042)","(-57.62754440307617, 173.02108764648438, 56.137516021728516)",1,4.189788818359375,1,"(37.30974197387695, -23.33852195739746, 595.9886474609375)",1
8793245023,8767122496,"(0.39209792017936707, 0.42534565925598145)","(-58.61988830566406, 178.331787109375, 58.07040023803711)",1,4.1630706787109375,1,"(-21.03443717956543, -19.817338943481445, 596.6109619140625)",1,"(0.3933166265487671, 0.44206395745277405)","(-57.94557189941406, 173.44227600097656, 56.29081344604492)",1,4.1889801025390625,1,"(37.27927780151367, -23.343914031982422, 595.9354248046875)",1
8793261640,8767139113,"(0.3905622661113739, 0.4284363090991974)","(-59.469566345214844, 177.4278564453125, 57.74143981933594)",1,4.16973876953125,1,"(-21.092559814453125, -19.835819244384766, 596.5194702148438)",1,"(0.39360108971595764, 0.44184696674346924)","(-57.78818893432617, 173.50576782226562, 56.31388473510742)",1,4.18524169921875,1,"(37.207237243652344, -23.358501434326172, 595.8329467773438)",1
8793278344,8767155817,"(0.38951677083969116, 0.4278082847595215)","(-60.048038482666016, 177.61151123046875, 57.80830764770508)",1,4.1688995361328125,1,"(-21.17036247253418, -19.855220794677734, 596.2054443359375)",1,"(0.39309728145599365, 0.44322407245635986)","(-58.06694793701172, 173.10302734375, 56.16731262207031)",1,4.1938629150390625,1,"(37.118438720703125, -23.368743896484375, 595.5540161132812)",1
8793294893,8767172366,"(0.3904913365840912, 0.4281671643257141)","(-59.50882339477539, 177.50660705566406, 57.77008056640625)",1,4.1766510009765625,1,"(-21.209144592285156, -19.85774040222168, 596.1019897460938)",1,"(0.3948833644390106, 0.4425242245197296)","(-57.078697204589844, 173.3076934814453, 56.2418212890625)",1,4.1933135986328125,1,"(37.067665100097656, -23.368045806884766, 595.44873046875)",1
8793311556,8767189029,"(0.4121350944042206, 0.36708948016166687)","(-47.53330993652344, 195.36947631835938, 64.2716064453125)",1,4.181671142578125,1,"(-21.15044593811035, -19.699514389038086, 596.036865234375)",1,"(0.4227243661880493, 0.371965616941452)","(-41.67428207397461, 193.94338989257812, 63.75258255004883)",1,4.2005462646484375,1,"(37.0890998840332, -23.19753646850586, 595.34765625)",1
8793328264,8767205737,"(0.46729785203933716, 0.26804208755493164)","(-17.011760711669922, 224.33705139160156, 74.8149642944336)",1,4.19921875,1,"(-20.8012752532959, -19.338619232177734, 595.4295043945312)",1,"(0.46917131543159485, 0.28067007660865784)","(-15.975166320800781, 220.6438446044922, 73.47074127197266)",1,4.207061767578125,1,"(37.21148681640625, -22.827892303466797, 594.779296875)",1
8793344858,8767222331,"(0.4765551686286926, 0.24973344802856445)","(-11.889679908752441, 229.69163513183594, 76.76387786865234)",1,4.1951141357421875,1,"(-20.70755958557129, -19.26413917541504, 595.8095703125)",1,"(0.47940391302108765, 0.26176902651786804)","(-10.313480377197266, 226.17169189453125, 75.48269653320312)",1,4.20263671875,1,"(37.31657409667969, -22.72830581665039, 595.10107421875)",1
8793361568,8767239041,"(0.47610193490982056, 0.25093477964401245)","(-12.140457153320312, 229.34033203125, 76.6359634399414)",1,4.1972198486328125,1,"(-20.720972061157227, -19.262596130371094, 595.8513793945312)",1,"(0.4739590883255005, 0.2689026892185211)","(-13.326096534729004, 224.08535766601562, 74.72338104248047)",1,4.205322265625,1,"(37.38034439086914, -22.72713279724121, 595.1392822265625)",1
8793378179,8767255652,"(0.4788393974304199, 0.2417466640472412)","(-10.625833511352539, 232.02748107910156, 77.61404418945312)",1,4.2041168212890625,1,"(-20.739500045776367, -19.284311294555664, 596.1226196289062)",1,"(0.4779244363307953, 0.2584511935710907)","(-11.132081031799316, 227.14202880859375, 75.83592987060547)",1,4.2083282470703125,1,"(37.4343376159668, -22.753732681274414, 595.4196166992188)",1
8793394727,8767272200,"(0.4790072441101074, 0.24313250184059143)","(-10.53294563293457, 231.62217712402344, 77.46654510498047)",1,4.2068328857421875,1,"(-20.759632110595703, -19.29433822631836, 596.333740234375)",1,"(0.4774647355079651, 0.25842440128326416)","(-11.386401176452637, 227.1498260498047, 75.83879089355469)",1,4.212615966796875,1,"(37.45885467529297, -22.769121170043945, 595.6295776367188)",1
8793411482,8767288955,"(0.4789811372756958, 0.2430143505334854)","(-10.547380447387695, 231.65672302246094, 77.47909545898438)",1,4.20977783203125,1,"(-20.799976348876953, -19.299163818359375, 596.3672485351562)",1,"(0.477660208940506, 0.2599467933177948)","(-11.278263092041016, 226.70462036132812, 75.67671203613281)",1,4.2031097412109375,1,"(37.44065856933594, -22.773983001708984, 595.664306640625)",1
8793428099,8767305572,"(0.4785887598991394, 0.24421505630016327)","(-10.764482498168945, 231.3055419921875, 77.35132598876953)",1,4.2032012939453125,1,"(-20.86981201171875, -19.297588348388672, 596.29736328125)",1,"(0.4773976802825928, 0.260647177696228)","(-11.423535346984863, 226.49978637695312, 75.60211181640625)",1,4.204071044921875,1,"(37.39579772949219, -22.779640197753906, 595.6083984375)",1
8793444597,8767322070,"(0.47862115502357483, 0.24208207428455353)","(-10.746570587158203, 231.92935180664062, 77.57837677001953)",1,4.2035675048828125,1,"(-20.9166259765625, -19.308597564697266, 596.313720703125)",1,"(0.47995927929878235, 0.2622360289096832)","(-10.006197929382324, 226.03512573242188, 75.43301391601562)",1,4.1999969482421875,1,"(37.351104736328125, -22.79051971435547, 595.6253662109375)",1
8793461398,8767338871,"(0.4788084328174591, 0.24321815371513367)","(-10.642940521240234, 231.5970916748047, 77.45740509033203)",1,4.2024078369140625,1,"(-20.992948532104492, -19.323932647705078, 596.4935913085938)",1,"(0.4789199233055115, 0.26240867376327515)","(-10.58128547668457, 225.984619140625, 75.41461944580078)",1,4.2062835693359375,1,"(37.31217575073242, -22.804275512695312, 595.8282470703125)",1
8793478019,8767355492,"(0.4783174991607666, 0.24360407888889313)","(-10.914573669433594, 231.48423767089844, 77.41633605957031)",1,4.2065582275390625,1,"(-21.026145935058594, -19.312185287475586, 596.4457397460938)",1,"(0.48039498925209045, 0.26332804560661316)","(-9.765113830566406, 225.7157440185547, 75.3167953491211)",1,4.203125,1,"(37.28467559814453, -22.785892486572266, 595.785400390625)",1
8793494563,8767372036,"(0.47990792989730835, 0.24515321850776672)","(-10.034573554992676, 231.03115844726562, 77.25144958496094)",1,4.2188720703125,1,"(-21.03020477294922, -19.289487838745117, 596.4253540039062)",1,"(0.4792976975440979, 0.2616741955280304)","(-10.37225341796875, 226.1994171142578, 75.4927978515625)",1,4.1958465576171875,1,"(37.28754425048828, -22.76517105102539, 595.755615234375)",1
8793511314,8767388787,"(0.4804079234600067, 0.23855933547019958)","(-9.757952690124512, 232.9596405029297, 77.95332336425781)",1,4.222259521484375,1,"(-21.016279220581055, -19.258590698242188, 596.4688110351562)",1,"(0.4773472547531128, 0.26170819997787476)","(-11.451440811157227, 226.1894989013672, 75.48918151855469)",1,4.196075439453125,1,"(37.3216438293457, -22.714710235595703, 595.7969970703125)",1
8793527939,8767405412,"(0.4979666769504547, 0.1961478292942047)","(-0.04271966591477394, 245.36338806152344, 82.46793365478516)",1,4.2289886474609375,1,"(-20.892532348632812, -19.098989486694336, 596.6205444335938)",1,"(0.49413034319877625, 0.22566647827625275)","(-2.165306806564331, 236.7303009033203, 79.32574462890625)",1,4.20782470703125,1,"(37.410179138183594, -22.56646728515625, 595.931396484375)",1
8793544433,8767421906,"(0.5033595561981201, 0.17371708154678345)","(2.9411814212799072, 251.92352294921875, 84.85562896728516)",1,4.2354278564453125,1,"(-20.81157684326172, -19.000057220458984, 596.7926025390625)",1,"(0.5030781626701355, 0.19832845032215118)","(2.7855029106140137, 244.7256317138672, 82.23582458496094)",1,4.21942138671875,1,"(37.45542526245117, -22.46517562866211, 596.08251953125)",1
8793561229,8767438702,"(0.5012906789779663, 0.18204602599143982)","(1.7965087890625, 249.4876251220703, 83.96898651123047)",1,4.228302001953125,1,"(-20.799571990966797, -18.95311164855957, 596.7813720703125)",1,"(0.4969128370285034, 0.19454647600650787)","(-0.6257748007774353, 245.8317108154297, 82.63838195800781)",1,4.2198638916015625,1,"(37.468265533447266, -22.437349319458008, 596.0838623046875)",1
8793577859,8767455332,"(0.5009950399398804, 0.1752956658601761)","(1.6329092979431152, 251.4618377685547, 84.68758392333984)",1,4.2234954833984375,1,"(-20.83860206604004, -18.995925903320312, 597.0459594726562)",1,"(0.49833711981773376, 0.19477014243602753)","(0.16227929294109344, 245.7663116455078, 82.61460876464844)",1,4.224853515625,1,"(37.484519958496094, -22.476564407348633, 596.3488159179688)",1
8793594399,8767471872,"(0.5002624988555908, 0.17057424783706665)","(1.2275886535644531, 252.84268188476562, 85.1901626586914)",1,4.225738525390625,1,"(-20.85400390625, -19.014768600463867, 597.1690063476562)",1,"(0.4974677264690399, 0.1947556883096695)","(-0.3187638521194458, 245.77052307128906, 82.61614227294922)",1,4.2227783203125,1,"(37.4828987121582, -22.49898338317871, 596.4735107421875)",1
8793611144,8767488617,"(0.5000666379928589, 0.17112883925437927)","(1.1192082166671753, 252.68051147460938, 85.13111114501953)",1,4.2400970458984375,1,"(-20.87308692932129, -19.04108428955078, 597.4259033203125)",1,"(0.4984263479709625, 0.19258573651313782)","(0.21163800358772278, 246.40516662597656, 82.84709167480469)",1,4.2250518798828125,1,"(37.49116516113281, -22.538028717041016, 596.7565307617188)",1
8793627775,8767505248,"(0.4988856315612793, 0.16955797374248505)","(0.4657835364341736, 253.13990783691406, 85.29834747314453)",1,4.244293212890625,1,"(-20.855985641479492, -19.05939292907715, 597.640380859375)",1,"(0.49895596504211426, 0.18991078436374664)","(0.504684567451477, 247.18746948242188, 83.13184356689453)",1,4.2353057861328125,1,"(37.53487777709961, -22.565759658813477, 596.9545288085938)",1
8793644365,8767521838,"(0.5019722580909729, 0.1701221764087677)","(2.173604965209961, 252.97491455078125, 85.23831176757812)",1,4.2445068359375,1,"(-20.837434768676758, -19.05996322631836, 597.8391723632812)",1,"(0.5001740455627441, 0.19148550927639008)","(1.1786749362945557, 246.7269287109375, 82.96421813964844)",1,4.2278289794921875,1,"(37.58185958862305, -22.57182502746582, 597.1373291015625)",1
8793661059,8767538532,"(0.4998025894165039, 0.17309941351413727)","(0.973149836063385, 252.10414123535156, 84.9214096069336)",1,4.259552001953125,1,"(-20.765541076660156, -19.04672622680664, 598.2002563476562)",1,"(0.49777325987815857, 0.1922578364610672)","(-0.1497112512588501, 246.50106811523438, 82.88196563720703)",1,4.2410888671875,1,"(37.69526672363281, -22.574052810668945, 597.5240478515625)",1
8793677695,8767555168,"(0.49952971935272217, 0.17287833988666534)","(0.8221465349197388, 252.16885375976562, 84.94489288330078)",1,4.268585205078125,1,"(-20.67426300048828, -19.035511016845703, 598.3585815429688)",1,"(0.4996315836906433, 0.19038419425487518)","(0.8785020112991333, 247.04901123046875, 83.08147430419922)",1,4.2493896484375,1,"(37.78485107421875, -22.58970832824707, 597.6505737304688)",1
8793694234,8767571707,"(0.5015708208084106, 0.177117720246315)","(1.9514663219451904, 250.92897033691406, 84.49360656738281)",1,4.265045166015625,1,"(-20.631568908691406, -19.03421974182129, 598.3973999023438)",1,"(0.4990772604942322, 0.19131065905094147)","(0.571837842464447, 246.77804565429688, 82.98284149169922)",1,4.2465972900390625,1,"(37.83737564086914, -22.592815399169922, 597.6799926757812)",1
8793710975,8767588449,"(0.4999145567417145, 0.17653252184391022)","(1.0350558757781982, 251.10012817382812, 84.555908203125)",1,4.2752532958984375,1,"(-20.5674991607666, -19.041751861572266, 598.531005859375)",1,"(0.49889761209487915, 0.19281326234340668)","(0.472393661737442, 246.33863830566406, 82.82289123535156)",1,4.252655029296875,1,"(37.91210174560547, -22.594924926757812, 597.8208618164062)",1
8793727619,8767605093,"(0.5009108781814575, 0.17530596256256104)","(1.5863680839538574, 251.45884704589844, 84.68646240234375)",1,4.2689361572265625,1,"(-20.53506851196289, -19.0390567779541, 598.7017211914062)",1,"(0.49895185232162476, 0.19307203590869904)","(0.5024253129959106, 246.26292419433594, 82.79534912109375)",1,4.253509521484375,1,"(37.961891174316406, -22.60259437561035, 597.9697875976562)",1
8793744200,8767621674,"(0.5006409883499146, 0.1767595410346985)","(1.4369990825653076, 251.0337371826172, 84.53175354003906)",1,4.264984130859375,1,"(-20.514436721801758, -19.029144287109375, 598.6568603515625)",1,"(0.5020666718482971, 0.19298334419727325)","(2.225836992263794, 246.28887939453125, 82.80479431152344)",1,4.2494049072265625,1,"(37.966331481933594, -22.59661102294922, 597.9307861328125)",1
8793760891,8767638365,"(0.5006978511810303, 0.1813214272260666)","(1.4684655666351318, 249.6995391845703, 84.04613494873047)",1,4.2667083740234375,1,"(-20.486671447753906, -18.991384506225586, 598.6533203125)",1,"(0.501433789730072, 0.1937016397714615)","(1.8756382465362549, 246.07879638671875, 82.72834014892578)",1,4.25054931640625,1,"(38.001747131347656, -22.580589294433594, 597.9337158203125)",1
8793777539,8767655013,"(0.5001590251922607, 0.17601267993450165)","(1.1703299283981323, 251.25216674804688, 84.61125183105469)",1,4.2800750732421875,1,"(-20.440811157226562, -18.972251892089844, 598.7877807617188)",1,"(0.501619279384613, 0.1981690526008606)","(1.978328824043274, 244.772216796875, 82.25279998779297)",1,4.24468994140625,1,"(38.054786682128906, -22.555850982666016, 598.0568237304688)",1
8793794070,8767671544,"(0.4996629059314728, 0.17261047661304474)","(0.8958101868629456, 252.24716186523438, 84.97344207763672)",1,4.2777252197265625,1,"(-20.402721405029297, -18.962060928344727, 598.8353881835938)",1,"(0.49905630946159363, 0.19892670214176178)","(0.5601511597633362, 244.55067443847656, 82.17213439941406)",1,4.251800537109375,1,"(38.10085678100586, -22.547529220581055, 598.1063232421875)",1
8793810806,8767688280,"(0.49996405839920044, 0.17206676304340363)","(1.062470555305481, 252.40618896484375, 85.03128814697266)",1,4.2754364013671875,1,"(-20.33636474609375, -18.933231353759766, 598.8389892578125)",1,"(0.49866002798080444, 0.1938863843679428)","(0.3409430980682373, 246.0247802734375, 82.70861053466797)",1,4.2501220703125,1,"(38.18859100341797, -22.525365829467773, 598.1014404296875)",1
8793827459,8767704933,"(0.4991782009601593, 0.1742832213640213)","(0.6276219487190247, 251.75796508789062, 84.7953109741211)",1,4.2915802001953125,1,"(-20.242063522338867, -18.90131378173828, 598.8392944335938)",1,"(0.4987601935863495, 0.1919107735157013)","(0.396370530128479, 246.6025390625, 82.9189453125)",1,4.258575439453125,1,"(38.27251434326172, -22.50055694580078, 598.0910034179688)",1
8793844035,8767721509,"(0.49889349937438965, 0.17406219244003296)","(0.4701360762119293, 251.82260131835938, 84.81884002685547)",1,4.2984466552734375,1,"(-20.189104080200195, -18.876419067382812, 598.8138427734375)",1,"(0.4980403482913971, 0.19193622469902039)","(-0.001933557796292007, 246.59512329101562, 82.916259765625)",1,4.261077880859375,1,"(38.32779312133789, -22.48552703857422, 598.0549926757812)",1
8793860721,8767738195,"(0.5002197027206421, 0.17405448853969574)","(1.2039158344268799, 251.82484436035156, 84.81968688964844)",1,4.3111114501953125,1,"(-20.13738250732422, -18.85396385192871, 598.7630004882812)",1,"(0.49813705682754517, 0.18899188935756683)","(0.05156460776925087, 247.4562225341797, 83.22962951660156)",1,4.2685699462890625,1,"(38.38721466064453, -22.46522331237793, 597.9967651367188)",1
8793877379,8767754853,"(0.500316858291626, 0.17585211992263794)","(1.257639765739441, 251.29908752441406, 84.62837219238281)",1,4.319091796875,1,"(-20.105642318725586, -18.82065773010254, 598.7891235351562)",1,"(0.5005465745925903, 0.19150330126285553)","(1.3847630023956299, 246.7217254638672, 82.96228790283203)",1,4.271881103515625,1,"(38.414310455322266, -22.452634811401367, 598.0197143554688)",1
8793893904,8767771378,"(0.5009594559669495, 0.17526714503765106)","(1.6132317781448364, 251.47015380859375, 84.69062805175781)",1,4.323486328125,1,"(-20.10079002380371, -18.81576156616211, 598.8743896484375)",1,"(0.5011060833930969, 0.19116328656673431)","(1.6943345069885254, 246.8211669921875, 82.99851989746094)",1,4.2683868408203125,1,"(38.43364715576172, -22.452545166015625, 598.1035766601562)",1
8793910636,8767788110,"(0.5006946921348572, 0.17549246549606323)","(1.4666975736618042, 251.40431213378906, 84.6666488647461)",1,4.3339996337890625,1,"(-20.09295082092285, -18.816650390625, 599.0054321289062)",1,"(0.5011143684387207, 0.18646253645420074)","(1.6989107131958008, 248.19595336914062, 83.49893188476562)",1,4.2745819091796875,1,"(38.465755462646484, -22.473827362060547, 598.2445068359375)",1
8793927299,8767804773,"(0.5004211664199829, 0.17243631184101105)","(1.3153634071350098, 252.29811096191406, 84.991943359375)",1,4.3290252685546875,1,"(-20.07245445251465, -18.818559646606445, 599.0462036132812)",1,"(0.4975326955318451, 0.19062146544456482)","(-0.28283679485321045, 246.97964477539062, 83.05620574951172)",1,4.281402587890625,1,"(38.501346588134766, -22.486778259277344, 598.2808837890625)",1
8793943870,8767821344,"(0.49969732761383057, 0.17673778533935547)","(0.9149028658866882, 251.0400848388672, 84.53407287597656)",1,4.3359527587890625,1,"(-20.048221588134766, -18.8165225982666, 598.965087890625)",1,"(0.49783048033714294, 0.18861044943332672)","(-0.11806105077266693, 247.5677947998047, 83.270263671875)",1,4.2851104736328125,1,"(38.523284912109375, -22.500499725341797, 598.20166015625)",1
8793960552,8767838026,"(0.5004201531410217, 0.175716832280159)","(1.3148242235183716, 251.3386688232422, 84.64271545410156)",1,4.3398284912109375,1,"(-20.012998580932617, -18.818889617919922, 598.7728271484375)",1,"(0.49946078658103943, 0.19410943984985352)","(0.7839949131011963, 245.9595489501953, 82.68487548828125)",1,4.2846527099609375,1,"(38.5477294921875, -22.508270263671875, 597.9893798828125)",1
8793977219,8767854693,"(0.47480249404907227, 0.2268814891576767)","(-12.859450340270996, 236.37498474121094, 79.1963882446289)",1,4.3359527587890625,1,"(-20.045915603637695, -19.03963279724121, 598.476318359375)",1,"(0.476983904838562, 0.2387280911207199)","(-11.652470588684082, 232.9102783203125, 77.93535614013672)",1,4.2651519775390625,1,"(38.39418411254883, -22.716411590576172, 597.7178955078125)",1
8793993740,8767871214,"(0.4278838038444519, 0.3290083110332489)","(-38.819576263427734, 206.50677490234375, 68.32528686523438)",1,4.3307647705078125,1,"(-20.179058074951172, -19.322174072265625, 598.5538940429688)",1,"(0.4286302328109741, 0.33650484681129456)","(-38.406578063964844, 204.3143310546875, 67.52727508544922)",1,4.2610015869140625,1,"(38.091514587402344, -22.989614486694336, 597.7597045898438)",1
8794010468,8767887942,"(0.3818546235561371, 0.4803512990474701)","(-64.2874984741211, 162.24468994140625, 52.215232849121094)",1,4.299835205078125,1,"(-20.351978302001953, -19.7736873626709, 598.834228515625)",1,"(0.3836120367050171, 0.5036559104919434)","(-63.315147399902344, 155.4290008544922, 49.734493255615234)",1,4.256378173828125,1,"(37.64535903930664, -23.455310821533203, 598.0579223632812)",1
8794027139,8767904613,"(0.38991668820381165, 0.5241574645042419)","(-59.826759338378906, 149.43310546875, 47.552188873291016)",1,4.2833709716796875,1,"(-20.406475067138672, -19.951663970947266, 597.1729125976562)",1,"(0.39354345202445984, 0.5413510799407959)","(-57.820072174072266, 144.40460205078125, 45.72195816040039)",1,4.2452239990234375,1,"(37.532901763916016, -23.567718505859375, 596.5322875976562)",1
8794043706,8767921180,"(0.3843337595462799, 0.5273794531822205)","(-62.915794372558594, 148.49078369140625, 47.20920944213867)",1,4.27838134765625,1,"(-20.52400016784668, -19.988147735595703, 597.2152709960938)",1,"(0.38817745447158813, 0.5408715605735779)","(-60.789100646972656, 144.54483032226562, 45.77302551269531)",1,4.2418365478515625,1,"(37.49626922607422, -23.598434448242188, 596.510009765625)",1
8794060383,8767937857,"(0.3855472207069397, 0.5389766693115234)","(-62.24440383911133, 145.0990447998047, 45.974674224853516)",1,4.2478485107421875,1,"(-20.695039749145508, -20.040542602539062, 597.314208984375)",1,"(0.3901204764842987, 0.5559040904045105)","(-59.71403503417969, 140.14845275878906, 44.172821044921875)",1,4.2159271240234375,1,"(37.36785125732422, -23.62732696533203, 596.6168823242188)",1
8794077065,8767954539,"(0.38731449842453003, 0.5411800146102905)","(-61.266563415527344, 144.4546356201172, 45.740116119384766)",1,4.2260894775390625,1,"(-20.869672775268555, -20.077733993530273, 597.017822265625)",1,"(0.3903384804725647, 0.5582525730133057)","(-59.59341049194336, 139.46160888671875, 43.92284393310547)",1,4.1924591064453125,1,"(37.24409484863281, -23.64521026611328, 596.36279296875)",1
8794093576,8767971050,"(0.3895488977432251, 0.5395302176475525)","(-60.0302734375, 144.93719482421875, 45.91573715209961)",1,4.215850830078125,1,"(-20.965965270996094, -20.10342788696289, 596.937744140625)",1,"(0.3933005928993225, 0.5584876537322998)","(-57.95447540283203, 139.39285278320312, 43.89778137207031)",1,4.1902923583984375,1,"(37.15795135498047, -23.655675888061523, 596.2853393554688)",1
8794110298,8767987772,"(0.3872489035129547, 0.5423150062561035)","(-61.302852630615234, 144.1227264404297, 45.61935806274414)",1,4.2017974853515625,1,"(-21.069456100463867, -20.1280460357666, 596.7039184570312)",1,"(0.3924386501312256, 0.5616196393966675)","(-58.431358337402344, 138.47683715820312, 43.56440353393555)",1,4.1747283935546875,1,"(37.05527114868164, -23.66670799255371, 596.02197265625)",1
8794126985,8768004459,"(0.3878991901874542, 0.5407780408859253)","(-60.94305419921875, 144.57223510742188, 45.782894134521484)",1,4.1761016845703125,1,"(-21.15069007873535, -20.144046783447266, 596.051025390625)",1,"(0.3880685865879059, 0.564318835735321)","(-60.84934997558594, 137.6874237060547, 43.27708435058594)",1,4.163482666015625,1,"(36.965633392333984, -23.652156829833984, 595.4213256835938)",1
8794143542,8768021016,"(0.3875517249107361, 0.5421096086502075)","(-61.135311126708984, 144.1828155517578, 45.64115524291992)",1,4.1756744384765625,1,"(-21.20467185974121, -20.144697189331055, 595.9918212890625)",1,"(0.39244189858436584, 0.5630879998207092)","(-58.429569244384766, 138.04736328125, 43.40811538696289)",1,4.14581298828125,1,"(36.90864562988281, -23.649303436279297, 595.3546142578125)",1
8794160213,8768037687,"(0.38939252495765686, 0.5413631796836853)","(-60.11679458618164, 144.40110778808594, 45.72062301635742)",1,4.1724853515625,1,"(-21.308958053588867, -20.166770935058594, 596.0938720703125)",1,"(0.3911951780319214, 0.565091073513031)","(-59.119380950927734, 137.46156311035156, 43.194915771484375)",1,4.1383056640625,1,"(36.83974838256836, -23.650320053100586, 595.4638061523438)",1
8794176904,8768054378,"(0.3868574798107147, 0.5397295355796814)","(-61.51942443847656, 144.8788604736328, 45.8945426940918)",1,4.1662139892578125,1,"(-21.421268463134766, -20.193872451782227, 596.0028686523438)",1,"(0.3889683783054352, 0.5629234910011292)","(-60.35149383544922, 138.09552001953125, 43.42559051513672)",1,4.1265869140625,1,"(36.74523162841797, -23.652786254882812, 595.3857421875)",1
8794193508,8768070982,"(0.3876490890979767, 0.5437134504318237)","(-61.081424713134766, 143.71372985839844, 45.470458984375)",1,4.1710968017578125,1,"(-21.507862091064453, -20.208547592163086, 595.9940795898438)",1,"(0.3897334337234497, 0.5636452436447144)","(-59.92816162109375, 137.88442993164062, 43.34878158569336)",1,4.13336181640625,1,"(36.67217254638672, -23.657455444335938, 595.382080078125)",1
8794210129,8768087603,"(0.38726988434791565, 0.5457981824874878)","(-61.291236877441406, 143.10403442382812, 45.24854278564453)",1,4.1715545654296875,1,"(-21.63422966003418, -20.23263168334961, 595.950927734375)",1,"(0.38910356163978577, 0.5644785165786743)","(-60.276649475097656, 137.64073181152344, 43.260101318359375)",1,4.12890625,1,"(36.54777526855469, -23.660032272338867, 595.3419799804688)",1
8794226824,8768104298,"(0.38613781332969666, 0.5487317442893982)","(-61.91761016845703, 142.2460479736328, 44.936275482177734)",1,4.1642608642578125,1,"(-21.752464294433594, -20.281946182250977, 595.8255004882812)",1,"(0.3879217803478241, 0.5680283904075623)","(-60.9305419921875, 136.6025390625, 42.882205963134766)",1,4.134429931640625,1,"(36.424129486083984, -23.70538902282715, 595.2384643554688)",1
8794243377,8768120851,"(0.37910977005958557, 0.6211955547332764)","(-65.80623626708984, 121.05316162109375, 37.22268295288086)",1,4.1653594970703125,1,"(-21.751657485961914, -20.459056854248047, 595.8401489257812)",1,"(0.38085734844207764, 0.6379652619361877)","(-64.83928680419922, 116.14867401123047, 35.43759536743164)",1,4.1385345458984375,1,"(36.28536605834961, -23.86337661743164, 595.2423706054688)",1
8794260141,8768137615,"(0.36728790402412415, 0.8172929883003235)","(-72.34727478027344, 63.70216751098633, 16.3486328125)",1,4.156829833984375,1,"(-21.62242889404297, -20.904396057128906, 596.0521850585938)",1,"(0.38165563344955444, 0.8618665933609009)","(-64.39762115478516, 50.66609573364258, 11.603901863098145)",1,4.1520538330078125,1,"(36.01833724975586, -24.290760040283203, 595.4625244140625)",1
8794276744,8768154218,"(0.3659657835960388, 0.8849872350692749)","(-73.07880401611328, 43.9041633605957, 9.142781257629395)",1,4.14886474609375,1,"(-21.647390365600586, -21.107107162475586, 595.4664916992188)",1,"(0.37976524233818054, 0.9184163212776184)","(-65.44356536865234, 34.12743377685547, 5.58433198928833)",1,4.1435089111328125,1,"(35.929630279541016, -24.425804138183594, 594.9199829101562)",1
8794293343,8768170817,"(0.3664308786392212, 0.8814756870269775)","(-72.82144927978516, 44.9311637878418, 9.516554832458496)",1,4.1505126953125,1,"(-21.735925674438477, -21.118301391601562, 595.3162841796875)",1,"(0.3789876401424408, 0.9132877588272095)","(-65.87380981445312, 35.627376556396484, 6.130244731903076)",1,4.156158447265625,1,"(35.93562698364258, -24.4302978515625, 594.751953125)",1
8794310057,8768187531,"(0.36214640736579895, 0.8946821093559265)","(-75.19208526611328, 41.06878662109375, 8.110788345336914)",1,4.148712158203125,1,"(-21.817157745361328, -21.128328323364258, 595.2910766601562)",1,"(0.37592270970344543, 0.9376848340034485)","(-67.56963348388672, 28.492137908935547, 3.5332448482513428)",1,4.14593505859375,1,"(35.90140151977539, -24.42115020751953, 594.7269897460938)",1
8794326674,8768204148,"(0.36303263902664185, 0.8991668224334717)","(-74.70175170898438, 39.75720977783203, 7.633400917053223)",1,4.1595001220703125,1,"(-21.927717208862305, -21.14485740661621, 595.1224975585938)",1,"(0.37739133834838867, 0.9373952150344849)","(-66.75704956054688, 28.57685089111328, 3.5640947818756104)",1,4.1331329345703125,1,"(35.84898376464844, -24.42447280883789, 594.573486328125)",1
8794343213,8768220687,"(0.3619086742401123, 0.8987653255462646)","(-75.32361602783203, 39.874629974365234, 7.676115036010742)",1,4.1588897705078125,1,"(-21.995622634887695, -21.162494659423828, 595.052490234375)",1,"(0.3767576217651367, 0.9393396973609924)","(-67.10767364501953, 28.008132934570312, 3.3571219444274902)",1,4.1395416259765625,1,"(35.80714416503906, -24.432498931884766, 594.5023803710938)",1
8794359972,8768237446,"(0.3615187108516693, 0.9017771482467651)","(-75.53936767578125, 38.9937858581543, 7.355474472045898)",1,4.1688995361328125,1,"(-22.10041618347168, -21.196996688842773, 595.0696411132812)",1,"(0.37620922923088074, 0.9378382563591003)","(-67.41109466552734, 28.447282791137695, 3.5169739723205566)",1,4.1527557373046875,1,"(35.73221969604492, -24.466087341308594, 594.5328979492188)",1
8794376594,8768254068,"(0.3606967031955719, 0.905354380607605)","(-75.99419403076172, 37.94756317138672, 6.974760055541992)",1,4.18463134765625,1,"(-22.205520629882812, -21.235422134399414, 595.1574096679688)",1,"(0.3755681812763214, 0.936878502368927)","(-67.76580047607422, 28.72798728942871, 3.619032621383667)",1,4.15533447265625,1,"(35.679222106933594, -24.5028133392334, 594.623291015625)",1
8794393178,8768270652,"(0.3649446368217468, 0.9065060615539551)","(-73.64379119873047, 37.610721588134766, 6.852139472961426)",1,4.1994781494140625,1,"(-22.254770278930664, -21.258087158203125, 595.0997924804688)",1,"(0.3759799599647522, 0.9377716779708862)","(-67.53795623779297, 28.466760635375977, 3.523979663848877)",1,4.15966796875,1,"(35.65468215942383, -24.530345916748047, 594.578857421875)",1
8794409888,8768287362,"(0.36407577991485596, 0.9060255885124207)","(-74.12454223632812, 37.751277923583984, 6.90325403213501)",1,4.206634521484375,1,"(-22.281370162963867, -21.286643981933594, 594.9265747070312)",1,"(0.37419694662094116, 0.9395624995231628)","(-68.52452087402344, 27.943023681640625, 3.333371162414551)",1,4.174591064453125,1,"(35.63740921020508, -24.5544376373291, 594.3923950195312)",1
8794426509,8768303983,"(0.3628583252429962, 0.9019178748130798)","(-74.79817199707031, 38.952632904052734, 7.340578079223633)",1,4.211181640625,1,"(-22.27254295349121, -21.316253662109375, 594.7540283203125)",1,"(0.37452414631843567, 0.9382731914520264)","(-68.3434829711914, 28.32004737854004, 3.4706099033355713)",1,4.182647705078125,1,"(35.64901351928711, -24.58031463623047, 594.229736328125)",1
8794443047,8768320521,"(0.36263832449913025, 0.9031832218170166)","(-74.91988372802734, 38.582557678222656, 7.205880165100098)",1,4.20806884765625,1,"(-22.261457443237305, -21.3228759765625, 594.7018432617188)",1,"(0.3752518594264984, 0.9383132457733154)","(-67.94081115722656, 28.308351516723633, 3.4663424491882324)",1,4.188934326171875,1,"(35.66316223144531, -24.58894157409668, 594.1686401367188)",1
8794459802,8768337276,"(0.36390480399131775, 0.9036300182342529)","(-74.21917724609375, 38.45188903808594, 7.158285140991211)",1,4.2207183837890625,1,"(-22.23615074157715, -21.33144760131836, 594.6115112304688)",1,"(0.37623104453086853, 0.9322013854980469)","(-67.3990249633789, 30.0958309173584, 4.116936206817627)",1,4.2014617919921875,1,"(35.6942253112793, -24.600805282592773, 594.0728759765625)",1
8794476434,8768353908,"(0.3631671667098999, 0.9041183590888977)","(-74.62728881835938, 38.30905532836914, 7.106313705444336)",1,4.233734130859375,1,"(-22.228456497192383, -21.3281192779541, 594.582275390625)",1,"(0.37330058217048645, 0.9354680180549622)","(-69.02045440673828, 29.14044761657715, 3.769186019897461)",1,4.2137603759765625,1,"(35.71455001831055, -24.597917556762695, 594.04248046875)",1
8794493013,8768370488,"(0.3629314601421356, 0.9051342010498047)","(-74.7576904296875, 38.01195526123047, 6.9981913566589355)",1,4.2442169189453125,1,"(-22.233745574951172, -21.329620361328125, 594.5811767578125)",1,"(nan, nan)","(nan, nan, nan)",0,nan,0,"(nan, nan, nan)",0
8794509718,8768387193,"(0.36311545968055725, 0.9065171480178833)","(-74.65589141845703, 37.60749053955078, 6.850956916809082)",1,4.2478179931640625,1,"(-22.253812789916992, -21.32945442199707, 594.66064453125)",1,"(0.37581437826156616, 0.9369025826454163)","(-67.62958526611328, 28.720916748046875, 3.6165390014648438)",1,4.2051849365234375,1,"(35.713008880615234, -24.601058959960938, 594.1238403320312)",1
8794526349,8768403824,"(0.3635982275009155, 0.9048596024513245)","(-74.38877868652344, 38.09228515625, 7.0274200439453125)",1,4.2541351318359375,1,"(-22.273818969726562, -21.32513427734375, 594.670654296875)",1,"(0.375325083732605, 0.936652660369873)","(-67.90031433105469, 28.79399871826172, 3.643151044845581)",1,4.233154296875,1,"(35.71189498901367, -24.6082763671875, 594.1348266601562)",1
8794542979,8768420454,"(0.36396580934524536, 0.9055788516998291)","(-74.18539428710938, 37.88191223144531, 6.95082950592041)",1,4.2613067626953125,1,"(-22.267589569091797, -21.320619583129883, 594.60693359375)",1,"(0.37359797954559326, 0.9369714260101318)","(-68.85591125488281, 28.700773239135742, 3.6092097759246826)",1,4.245025634765625,1,"(35.71741485595703, -24.610477447509766, 594.0703735351562)",1
8794559634,8768437109,"(0.36035192012786865, 0.90546053647995)","(-76.18496704101562, 37.91654586791992, 6.963427543640137)",1,4.2605743408203125,1,"(-22.234460830688477, -21.320898056030273, 594.6099243164062)",1,"(0.37581443786621094, 0.9365448951721191)","(-67.62956237792969, 28.82556915283203, 3.6545732021331787)",1,4.248138427734375,1,"(35.752323150634766, -24.626483917236328, 594.0691528320312)",1
8794576269,8768453744,"(0.35999348759651184, 0.9076266288757324)","(-76.38328552246094, 37.283016204833984, 6.732856750488281)",1,4.26629638671875,1,"(-22.172521591186523, -21.315580368041992, 594.5698852539062)",1,"(0.3749760687351227, 0.9376447200775146)","(-68.09341430664062, 28.5039005279541, 3.5374836921691895)",1,4.2563323974609375,1,"(35.8238639831543, -24.635581970214844, 594.0259399414062)",1
8794592849,8768470324,"(0.3600691258907318, 0.9059150815010071)","(-76.34143829345703, 37.78358459472656, 6.915048599243164)",1,4.2591552734375,1,"(-22.126270294189453, -21.321861267089844, 594.57080078125)",1,"(0.37362146377563477, 0.93775475025177)","(-68.8429183959961, 28.471704483032227, 3.525806188583374)",1,4.254302978515625,1,"(35.874046325683594, -24.649572372436523, 594.02001953125)",1
8794609549,8768487024,"(0.361530601978302, 0.905022919178009)","(-75.53282165527344, 38.04450225830078, 7.010032653808594)",1,4.2645263671875,1,"(-22.057071685791016, -21.32718849182129, 594.53125)",1,"(0.3751120865345001, 0.9359014630317688)","(-68.01815032958984, 29.013700485229492, 3.7231225967407227)",1,4.261688232421875,1,"(35.958892822265625, -24.66948699951172, 593.9760131835938)",1
8794626189,8768503664,"(0.3598249852657318, 0.9057990312576294)","(-76.47650146484375, 37.817527770996094, 6.927416801452637)",1,4.2678985595703125,1,"(-21.984712600708008, -21.333919525146484, 594.6029052734375)",1,"(0.3729371726512909, 0.938681423664093)","(-69.22154235839844, 28.200681686401367, 3.4271655082702637)",1,4.2602691650390625,1,"(36.044578552246094, -24.691875457763672, 594.0369873046875)",1
8794642815,8768520290,"(0.3582333028316498, 0.9041844606399536)","(-77.3572006225586, 38.289730072021484, 7.099257469177246)",1,4.263702392578125,1,"(-21.9545955657959, -21.343324661254883, 594.6981811523438)",1,"(0.37373441457748413, 0.9397025108337402)","(-68.78043365478516, 27.902048110961914, 3.3184776306152344)",1,4.2548065185546875,1,"(36.08634948730469, -24.71719741821289, 594.1237182617188)",1
8794659464,8768536939,"(0.3595377504825592, 0.9048010110855103)","(-76.63544464111328, 38.10939407348633, 7.033638000488281)",1,4.255584716796875,1,"(-21.92024803161621, -21.359851837158203, 594.80078125)",1,"(0.3737856447696686, 0.9422391653060913)","(-68.75206756591797, 27.160186767578125, 3.048433542251587)",1,4.2563934326171875,1,"(36.15914535522461, -24.76763916015625, 594.228759765625)",1
8794676109,8768553584,"(0.35933056473731995, 0.9040554761886597)","(-76.75006866455078, 38.327415466308594, 7.113035678863525)",1,4.2624053955078125,1,"(-21.85653305053711, -21.378189086914062, 594.97216796875)",1,"(0.3737733066082001, 0.9400872588157654)","(-68.75890350341797, 27.789539337158203, 3.2775213718414307)",1,4.25970458984375,1,"(36.24981689453125, -24.83096694946289, 594.3868408203125)",1
8794692685,8768570160,"(0.35961395502090454, 0.9036120772361755)","(-76.5932846069336, 38.45710372924805, 7.160223960876465)",1,4.2676544189453125,1,"(-21.783721923828125, -21.38092041015625, 594.9649047851562)",1,"(0.37347981333732605, 0.9435615539550781)","(-68.92131042480469, 26.773469924926758, 2.907693386077881)",1,4.25201416015625,1,"(36.31780242919922, -24.852331161499023, 594.384521484375)",1
8794709379,8768586854,"(0.36190375685691833, 0.9021561145782471)","(-75.3263168334961, 38.88295364379883, 7.315185070037842)",1,4.2696990966796875,1,"(-21.63811492919922, -21.3748779296875, 594.802490234375)",1,"(0.3728581666946411, 0.9415443539619446)","(-69.26524353027344, 27.363361358642578, 3.1224265098571777)",1,4.2464599609375,1,"(36.47856140136719, -24.902816772460938, 594.1875)",1
8794726029,8768603504,"(0.36069199442863464, 0.9057643413543701)","(-75.9968032836914, 37.8276481628418, 6.931097507476807)",1,4.2694854736328125,1,"(-21.393268585205078, -21.332489013671875, 594.4160766601562)",1,"(0.3714163899421692, 0.9416738748550415)","(-70.06299591064453, 27.32549285888672, 3.1085915565490723)",1,4.24505615234375,1,"(36.69272994995117, -24.94762420654297, 593.8067016601562)",1
8794742600,8768620075,"(0.3614475131034851, 0.9040929675102234)","(-75.57878112792969, 38.316497802734375, 7.109031677246094)",1,4.2679901123046875,1,"(-21.22369384765625, -21.31586265563965, 594.3544921875)",1,"(0.3744873106479645, 0.9407017827033997)","(-68.36383056640625, 27.609786987304688, 3.2120962142944336)",1,4.235015869140625,1,"(36.85771942138672, -24.994688034057617, 593.7182006835938)",1
8794759295,8768636770,"(0.3615449368953705, 0.9061587452888489)","(-75.52486419677734, 37.71233367919922, 6.889089107513428)",1,4.2703704833984375,1,"(-20.91954803466797, -21.282896041870117, 594.3850708007812)",1,"(0.3738943338394165, 0.9416729211807251)","(-68.69192504882812, 27.325773239135742, 3.1087117195129395)",1,4.2341156005859375,1,"(37.200645446777344, -25.09243392944336, 593.7180786132812)",1
8794775949,8768653424,"(0.36121681332588196, 0.9083844423294067)","(-75.70640563964844, 37.061378479003906, 6.652192115783691)",1,4.276763916015625,1,"(-20.558528900146484, -21.241737365722656, 594.3255615234375)",1,"(0.37311190366744995, 0.9421497583389282)","(-69.12487030029297, 27.186321258544922, 3.057950496673584)",1,4.2356719970703125,1,"(37.53923416137695, -25.19245147705078, 593.62646484375)",1
8794792474,8768669949,"(0.3617483973503113, 0.9084550142288208)","(-75.41228485107422, 37.04072570800781, 6.644659519195557)",1,4.2673797607421875,1,"(-20.35096549987793, -21.209165573120117, 594.29833984375)",1,"(0.3756933808326721, 0.9417147040367126)","(-67.69657135009766, 27.313600540161133, 3.1042802333831787)",1,4.2343292236328125,1,"(37.75187683105469, -25.25889015197754, 593.5726928710938)",1
8794809211,8768686686,"(0.3613082766532898, 0.9061285853385925)","(-75.65583801269531, 37.72113800048828, 6.892287254333496)",1,4.2759857177734375,1,"(-19.989543914794922, -21.1696834564209, 594.18115234375)",1,"(0.37511318922042847, 0.9423008561134338)","(-68.01756286621094, 27.142108917236328, 3.0418601036071777)",1,4.23046875,1,"(38.1375617980957, -25.366451263427734, 593.4121704101562)",1
8794825883,8768703358,"(0.3613453805446625, 0.9060810208320618)","(-75.63528442382812, 37.73506164550781, 6.897370338439941)",1,4.280517578125,1,"(-19.615718841552734, -21.127920150756836, 594.0344848632812)",1,"(0.3738958239555359, 0.9419477581977844)","(-68.69112396240234, 27.245405197143555, 3.0794920921325684)",1,4.245880126953125,1,"(38.48814392089844, -25.474300384521484, 593.2449951171875)",1
8794842449,8768719924,"(0.361255019903183, 0.9034088253974915)","(-75.6852798461914, 38.516597747802734, 7.181824207305908)",1,4.27520751953125,1,"(-19.4005069732666, -21.111791610717773, 593.9895629882812)",1,"(0.3748026490211487, 0.9424898624420166)","(-68.18936920166016, 27.08687400817871, 3.021754264831543)",1,4.2470703125,1,"(38.717262268066406, -25.544570922851562, 593.1886596679688)",1
8794859135,8768736610,"(0.3605007529258728, 0.905102550983429)","(-76.10262298583984, 38.02119827270508, 7.00157356262207)",1,4.274200439453125,1,"(-19.071950912475586, -21.085590362548828, 593.9127197265625)",1,"(0.37616047263145447, 0.9404283165931702)","(-67.4380874633789, 27.689775466918945, 3.241197347640991)",1,4.2384796142578125,1,"(39.070960998535156, -25.663272857666016, 593.0757446289062)",1
8794875803,8768753278,"(0.3591068387031555, 0.9047202467918396)","(-76.87385559082031, 38.13300704956055, 7.042263984680176)",1,4.283233642578125,1,"(-18.752920150756836, -21.05811882019043, 593.7822875976562)",1,"(0.37426069378852844, 0.9363508224487305)","(-68.48924255371094, 28.882307052612305, 3.6752288341522217)",1,4.249114990234375,1,"(39.3808479309082, -25.766128540039062, 592.9259033203125)",1
8794892415,8768769890,"(0.3597477376461029, 0.9020388722419739)","(-76.51927185058594, 38.91725540161133, 7.327676773071289)",1,4.28448486328125,1,"(-18.587480545043945, -21.044071197509766, 593.7605590820312)",1,"(0.37477341294288635, 0.9409948587417603)","(-68.20552062988281, 27.524078369140625, 3.180877447128296)",1,4.2654571533203125,1,"(39.56602478027344, -25.807987213134766, 592.885986328125)",1
8794909051,8768786526,"(0.35756203532218933, 0.9036319851875305)","(-77.72859191894531, 38.451324462890625, 7.158052444458008)",1,4.27685546875,1,"(-18.362342834472656, -21.01205062866211, 593.734375)",1,"(0.3725528120994568, 0.9392293095588684)","(-69.4342041015625, 28.040441513061523, 3.3688297271728516)",1,4.2633056640625,1,"(39.82558822631836, -25.883930206298828, 592.8374633789062)",1
8794925723,8768803198,"(0.35732826590538025, 0.9043809771537781)","(-77.85794830322266, 38.23223876953125, 7.078359127044678)",1,4.2854156494140625,1,"(-18.18280029296875, -20.988786697387695, 593.635009765625)",1,"(0.3698647916316986, 0.942290723323822)","(-70.92149353027344, 27.145092010498047, 3.042985439300537)",1,4.283905029296875,1,"(40.00856399536133, -25.939491271972656, 592.7294921875)",1
8794942285,8768819760,"(0.36133772134780884, 0.903342068195343)","(-75.63953399658203, 38.53610610961914, 7.188954830169678)",1,4.2969512939453125,1,"(-18.120445251464844, -20.97439193725586, 593.6288452148438)",1,"(0.37316620349884033, 0.9420794248580933)","(-69.09481048583984, 27.206886291503906, 3.065476417541504)",1,4.2798309326171875,1,"(40.090484619140625, -25.962907791137695, 592.7083129882812)",1
8794958965,8768836440,"(0.35755857825279236, 0.9007315039634705)","(-77.73051452636719, 39.2995719909668, 7.466845989227295)",1,4.3021392822265625,1,"(-18.043703079223633, -20.96040153503418, 593.6067504882812)",1,"(0.37319862842559814, 0.9416544437408447)","(-69.07687377929688, 27.33115005493164, 3.1107237339019775)",1,4.2888336181640625,1,"(40.18843460083008, -25.994380950927734, 592.6727905273438)",1
8794975643,8768853118,"(0.357255220413208, 0.9005258679389954)","(-77.8983383178711, 39.359703063964844, 7.488685131072998)",1,4.306610107421875,1,"(-18.01632308959961, -20.92821502685547, 593.3814697265625)",1,"(0.37057527899742126, 0.9408470988273621)","(-70.52837371826172, 27.567306518554688, 3.196622371673584)",1,4.3129119873046875,1,"(40.213314056396484, -25.99237632751465, 592.4650268554688)",1
8794992251,8768869726,"(0.35757115483283997, 0.9061764478683472)","(-77.72352600097656, 37.707130432128906, 6.887216091156006)",1,4.3109283447265625,1,"(-18.013681411743164, -20.89851951599121, 593.186279296875)",1,"(0.3744035065174103, 0.9398413896560669)","(-68.41024017333984, 27.86145782470703, 3.303694248199463)",1,4.318756103515625,1,"(40.2061767578125, -25.9815731048584, 592.2742309570312)",1
8795008881,8768886356,"(0.3591337203979492, 0.8875190019607544)","(-76.8589859008789, 43.163700103759766, 8.873252868652344)",1,4.3234710693359375,1,"(-18.03772735595703, -20.797780990600586, 592.9508666992188)",1,"(0.37186363339424133, 0.9176657795906067)","(-69.81552124023438, 34.34693908691406, 5.664215564727783)",1,4.3261871337890625,1,"(40.17473602294922, -25.887706756591797, 592.03076171875)",1
8795025563,8768903038,"(0.36606234312057495, 0.6544269919395447)","(-73.025390625, 111.3342514038086, 33.68528747558594)",1,4.3715362548828125,1,"(-17.977176666259766, -20.308996200561523, 592.8016967773438)",1,"(0.38211098313331604, 0.7066800594329834)","(-64.14563751220703, 96.05220794677734, 28.123092651367188)",1,4.3647918701171875,1,"(40.0717887878418, -25.420488357543945, 591.9069213867188)",1
8795042119,8768919594,"(0.3783835768699646, 0.566417396068573)","(-66.20804595947266, 137.0736846923828, 43.053680419921875)",1,4.3658905029296875,1,"(-17.948909759521484, -19.994598388671875, 592.7208862304688)",1,"(0.3920400142669678, 0.6029630303382874)","(-58.651939392089844, 126.38548278808594, 39.16350173950195)",1,4.3566131591796875,1,"(40.00970458984375, -25.08833885192871, 591.83251953125)",1
8795058797,8768936272,"(0.38888320326805115, 0.534817636013031)","(-60.398590087890625, 146.31539916992188, 46.417423248291016)",1,4.3635101318359375,1,"(-17.99405860900879, -19.813873291015625, 592.625)",1,"(0.39083412289619446, 0.5584018230438232)","(-59.31914520263672, 139.41795349121094, 43.90690994262695)",1,4.3665924072265625,1,"(39.99181365966797, -24.892417907714844, 591.735107421875)",1
8795075474,8768952949,"(0.3876611590385437, 0.5318700671195984)","(-61.07475662231445, 147.17747497558594, 46.73118591308594)",1,4.3714141845703125,1,"(-18.122785568237305, -19.902341842651367, 592.5015869140625)",1,"(0.3877517282962799, 0.5524166822433472)","(-61.024635314941406, 141.16835021972656, 44.54404830932617)",1,4.376678466796875,1,"(39.98612594604492, -24.954336166381836, 591.6217041015625)",1
8795091989,8768969464,"(0.3865642845630646, 0.5190221071243286)","(-61.681671142578125, 150.93496704101562, 48.098812103271484)",1,4.3626861572265625,1,"(-18.183595657348633, -19.946277618408203, 592.3064575195312)",1,"(0.38930222392082214, 0.5470902919769287)","(-60.16675567626953, 142.72613525390625, 45.111019134521484)",1,4.3894805908203125,1,"(39.940696716308594, -24.968425750732422, 591.4308471679688)",1
8795108712,8768986187,"(0.3882334530353546, 0.5234597325325012)","(-60.75810241699219, 149.63714599609375, 47.626434326171875)",1,4.3629608154296875,1,"(-18.279756546020508, -19.997472763061523, 592.015625)",1,"(0.3907700181007385, 0.550743043422699)","(-59.35462188720703, 141.65780639648438, 44.72220230102539)",1,4.3983917236328125,1,"(39.85989761352539, -24.995037078857422, 591.1223754882812)",1
8795125394,8769002869,"(0.3884821832180023, 0.525183379650116)","(-60.62049865722656, 149.133056640625, 47.44295883178711)",1,4.3749542236328125,1,"(-18.381013870239258, -20.06435775756836, 591.6576538085938)",1,"(0.39045050740242004, 0.5533473491668701)","(-59.531402587890625, 140.89614868164062, 44.44496154785156)",1,4.3881988525390625,1,"(39.772979736328125, -25.02968978881836, 590.7992553710938)",1
8795141955,8769019430,"(0.3908689320087433, 0.5189136266708374)","(-59.299896240234375, 150.9667205810547, 48.110374450683594)",1,4.3701934814453125,1,"(-18.446542739868164, -20.110563278198242, 591.4781494140625)",1,"(0.3891470432281494, 0.5485617518424988)","(-60.25261306762695, 142.2957763671875, 44.95438003540039)",1,4.3849945068359375,1,"(39.718788146972656, -25.05811882019043, 590.6255493164062)",1
8795158628,8769036103,"(0.38826197385787964, 0.5178050398826599)","(-60.7423210144043, 151.2909393310547, 48.22837829589844)",1,4.3725433349609375,1,"(-18.520898818969727, -20.160184860229492, 591.251708984375)",1,"(0.39120346307754517, 0.5501484870910645)","(-59.11479949951172, 141.8317108154297, 44.78547286987305)",1,4.3957977294921875,1,"(39.6235466003418, -25.094749450683594, 590.3831176757812)",1
8795175314,8769052789,"(0.3910154700279236, 0.5190945267677307)","(-59.21881866455078, 150.913818359375, 48.09108352661133)",1,4.371429443359375,1,"(-18.603193283081055, -20.208295822143555, 590.8892211914062)",1,"(0.3889705538749695, 0.5532456636428833)","(-60.35028076171875, 140.92591857910156, 44.455787658691406)",1,4.3956451416015625,1,"(39.547786712646484, -25.120811462402344, 590.0564575195312)",1
8795191825,8769069300,"(0.39139747619628906, 0.5241820216178894)","(-59.00746154785156, 149.42591857910156, 47.5495491027832)",1,4.3683319091796875,1,"(-18.641660690307617, -20.224777221679688, 590.7617797851562)",1,"(0.39016222953796387, 0.5531238317489624)","(-59.69091033935547, 140.96156311035156, 44.468780517578125)",1,4.39080810546875,1,"(39.4964599609375, -25.134326934814453, 589.9254150390625)",1
8795208542,8769086017,"(0.3869156539440155, 0.5232467651367188)","(-61.48721694946289, 149.69940185546875, 47.649105072021484)",1,4.3602142333984375,1,"(-18.6669921875, -20.246065139770508, 590.5957641601562)",1,"(0.3905175030231476, 0.5536890029907227)","(-59.49431228637695, 140.79624938964844, 44.40858840942383)",1,4.3941497802734375,1,"(39.444984436035156, -25.132949829101562, 589.739501953125)",1
8795225234,8769102709,"(0.3864072561264038, 0.5256078839302063)","(-61.768558502197266, 149.00889587402344, 47.39773941040039)",1,4.363800048828125,1,"(-18.686342239379883, -20.235395431518555, 590.1240234375)",1,"(0.3911134600639343, 0.5503937005996704)","(-59.16457748413086, 141.75999450683594, 44.75936508178711)",1,4.368255615234375,1,"(39.39626693725586, -25.104839324951172, 589.2989501953125)",1
8795241791,8769119266,"(0.3868881165981293, 0.5246982574462891)","(-61.50248336791992, 149.2749481201172, 47.49458312988281)",1,4.358856201171875,1,"(-18.695621490478516, -20.214216232299805, 589.9002685546875)",1,"(0.38990312814712524, 0.5522804856300354)","(-59.83427047729492, 141.2081756591797, 44.55852508544922)",1,4.37615966796875,1,"(39.36720275878906, -25.08160400390625, 589.0732421875)",1
8795258458,8769135933,"(0.38600030541419983, 0.5226991772651672)","(-61.993682861328125, 149.85955810546875, 47.70737838745117)",1,4.3459014892578125,1,"(-18.704744338989258, -20.18506622314453, 589.6575927734375)",1,"(0.389316588640213, 0.5514392256736755)","(-60.15880584716797, 141.45419311523438, 44.64809799194336)",1,4.365478515625,1,"(39.33420944213867, -25.041757583618164, 588.813232421875)",1
8795275149,8769152624,"(0.3884957730770111, 0.524178147315979)","(-60.612937927246094, 149.427001953125, 47.549957275390625)",1,4.3387908935546875,1,"(-18.718303680419922, -20.1317138671875, 589.4490356445312)",1,"(0.3901631534099579, 0.5546789765357971)","(-59.690399169921875, 140.50672912597656, 44.30323791503906)",1,4.36114501953125,1,"(39.300811767578125, -24.97913360595703, 588.620849609375)",1
8795291660,8769169136,"(0.3897223472595215, 0.522181510925293)","(-59.93428039550781, 150.01100158691406, 47.76248550415039)",1,4.34625244140625,1,"(-18.72551727294922, -20.10417938232422, 589.341552734375)",1,"(0.39082345366477966, 0.5503912568092346)","(-59.32505416870117, 141.76071166992188, 44.75965118408203)",1,4.35369873046875,1,"(39.28511428833008, -24.93896484375, 588.5132446289062)",1
8795308374,8769185850,"(0.3890962600708008, 0.522728443145752)","(-60.28070831298828, 149.85104370117188, 47.704288482666016)",1,4.3382720947265625,1,"(-18.73771095275879, -20.049152374267578, 589.2677001953125)",1,"(0.389590859413147, 0.5473695397377014)","(-60.00703430175781, 142.6444549560547, 45.0813102722168)",1,4.329315185546875,1,"(39.26931381225586, -24.882627487182617, 588.437744140625)",1
8795325068,8769202544,"(0.3894460201263428, 0.521693766117096)","(-60.08719253540039, 150.1536102294922, 47.814388275146484)",1,4.3306121826171875,1,"(-18.742273330688477, -20.008581161499023, 589.2764892578125)",1,"(0.3898344933986664, 0.549199640750885)","(-59.87222671508789, 142.1091766357422, 44.88650131225586)",1,4.322418212890625,1,"(39.265262603759766, -24.840152740478516, 588.4475708007812)",1
8795341626,8769219102,"(0.38944125175476074, 0.5235700607299805)","(-60.089820861816406, 149.6049041748047, 47.61466598510742)",1,4.3241424560546875,1,"(-18.733871459960938, -19.987329483032227, 589.2713623046875)",1,"(0.39157184958457947, 0.5489126443862915)","(-58.91096878051758, 142.19313049316406, 44.91704559326172)",1,4.3130645751953125,1,"(39.264854431152344, -24.825979232788086, 588.4390258789062)",1
8795358386,8769235862,"(0.39035409688949585, 0.5264821648597717)","(-59.584747314453125, 148.7532196044922, 47.304718017578125)",1,4.3347930908203125,1,"(-18.712604522705078, -19.970855712890625, 589.2576293945312)",1,"(0.39155709743499756, 0.5530202984809875)","(-58.91912078857422, 140.99183654785156, 44.47977066040039)",1,4.3167724609375,1,"(39.283267974853516, -24.80884552001953, 588.4199829101562)",1
8795374988,8769252464,"(0.38862478733062744, 0.5271631479263306)","(-60.54157638549805, 148.5540771484375, 47.232181549072266)",1,4.339202880859375,1,"(-18.67302703857422, -19.961074829101562, 589.2300415039062)",1,"(0.3926168978214264, 0.5513829588890076)","(-58.33274841308594, 141.470703125, 44.654048919677734)",1,4.3026123046875,1,"(39.312660217285156, -24.803077697753906, 588.3910522460938)",1
8795391496,8769268972,"(0.38950538635253906, 0.5236159563064575)","(-60.05436325073242, 149.5914764404297, 47.60979461669922)",1,4.326507568359375,1,"(-18.655378341674805, -19.960294723510742, 589.2237548828125)",1,"(0.39130476117134094, 0.5488938093185425)","(-59.05876541137695, 142.19866943359375, 44.91902542114258)",1,4.28851318359375,1,"(39.33599853515625, -24.803464889526367, 588.38330078125)",1
8795408205,8769285681,"(0.38945138454437256, 0.5241937041282654)","(-60.08424758911133, 149.4224853515625, 47.54830551147461)",1,4.3301544189453125,1,"(-18.62603759765625, -19.951074600219727, 589.1638793945312)",1,"(0.391017884016037, 0.5504412651062012)","(-59.21748352050781, 141.74612426757812, 44.75428771972656)",1,4.2900543212890625,1,"(39.36758041381836, -24.804954528808594, 588.3167114257812)",1
8795424908,8769302384,"(0.3910360336303711, 0.5282052159309387)","(-59.20742416381836, 148.24928283691406, 47.12126541137695)",1,4.34600830078125,1,"(-18.607027053833008, -19.93391990661621, 589.1707763671875)",1,"(0.39128729701042175, 0.5495085716247559)","(-59.06841278076172, 142.01885986328125, 44.85356521606445)",1,4.30126953125,1,"(39.38484191894531, -24.801898956298828, 588.3218383789062)",1
8795441462,8769318938,"(0.3923088610172272, 0.5249375104904175)","(-58.503170013427734, 149.20497131347656, 47.46908187866211)",1,4.3492584228515625,1,"(-18.605863571166992, -19.925020217895508, 589.2648315429688)",1,"(0.3901490867137909, 0.5504345893859863)","(-59.69819641113281, 141.74806213378906, 44.7550163269043)",1,4.303802490234375,1,"(39.3983268737793, -24.798542022705078, 588.4179077148438)",1
8795458119,8769335595,"(0.39198288321495056, 0.5246756076812744)","(-58.68354034423828, 149.28155517578125, 47.49699020385742)",1,4.3571014404296875,1,"(-18.61122703552246, -19.887426376342773, 589.5133056640625)",1,"(0.391042560338974, 0.5484417080879211)","(-59.20381164550781, 142.33087158203125, 44.967124938964844)",1,4.3069305419921875,1,"(39.411399841308594, -24.773405075073242, 588.6859130859375)",1
8795474829,8769352305,"(0.3935905396938324, 0.525210976600647)","(-57.79400634765625, 149.1249542236328, 47.439998626708984)",1,4.3694000244140625,1,"(-18.622791290283203, -19.84123992919922, 589.712646484375)",1,"(0.3911210596561432, 0.551820695400238)","(-59.16038513183594, 141.34268188476562, 44.60746765136719)",1,4.3259429931640625,1,"(39.425392150878906, -24.74189567565918, 588.8660888671875)",1
8795491330,8769368806,"(0.391487181186676, 0.5245636701583862)","(-58.957794189453125, 149.3142852783203, 47.508914947509766)",1,4.3831634521484375,1,"(-18.610937118530273, -19.80742073059082, 589.6809692382812)",1,"(0.3913068473339081, 0.5540416240692139)","(-59.05756759643555, 140.69313049316406, 44.37104797363281)",1,4.348052978515625,1,"(39.42777633666992, -24.711530685424805, 588.8284301757812)",1
8795508035,8769385511,"(0.39242830872535706, 0.5269677639007568)","(-58.43708801269531, 148.61119079589844, 47.25300598144531)",1,4.3914031982421875,1,"(-18.58586883544922, -19.752689361572266, 589.6415405273438)",1,"(0.3907664120197296, 0.5538946986198425)","(-59.35660934448242, 140.736083984375, 44.386653900146484)",1,4.35858154296875,1,"(39.45283889770508, -24.66962242126465, 588.7945556640625)",1
8795524744,8769402220,"(0.3909270167350769, 0.523277759552002)","(-59.26772689819336, 149.6903839111328, 47.64579772949219)",1,4.4146728515625,1,"(-18.541728973388672, -19.693679809570312, 589.8642578125)",1,"(0.39011150598526, 0.5539723634719849)","(-59.71895980834961, 140.71337890625, 44.37837600708008)",1,4.38677978515625,1,"(39.50709533691406, -24.646221160888672, 589.0025634765625)",1
8795541296,8769418772,"(0.3905317485332489, 0.5280507802963257)","(-59.48645782470703, 148.29449462890625, 47.13771438598633)",1,4.4200592041015625,1,"(-18.50632667541504, -19.643619537353516, 589.9337768554688)",1,"(0.3888315260410309, 0.5520287156105042)","(-60.42720413208008, 141.28184509277344, 44.58529281616211)",1,4.38763427734375,1,"(39.54819107055664, -24.636621475219727, 589.0765991210938)",1
8795558047,8769435523,"(0.39218857884407043, 0.5259872078895569)","(-58.56971740722656, 148.89796447753906, 47.35737228393555)",1,4.44122314453125,1,"(-18.443309783935547, -19.58402442932129, 589.9508666992188)",1,"(0.38837921619415283, 0.5542540550231934)","(-60.67743682861328, 140.6309814453125, 44.34843063354492)",1,4.4149627685546875,1,"(39.62578201293945, -24.608430862426758, 589.0934448242188)",1
8795574664,8769452140,"(0.3916068375110626, 0.5256949067115784)","(-58.891605377197266, 148.98345947265625, 47.388484954833984)",1,4.4589385986328125,1,"(-18.354732513427734, -19.527873992919922, 589.9977416992188)",1,"(0.38962873816490173, 0.5548750758171082)","(-59.98607635498047, 140.44937133789062, 44.28229522705078)",1,4.4394683837890625,1,"(39.69819259643555, -24.6068115234375, 589.1309204101562)",1
8795591262,8769468738,"(0.39032691717147827, 0.5268652439117432)","(-59.59977340698242, 148.64114379882812, 47.263919830322266)",1,4.4739990234375,1,"(-18.285066604614258, -19.483047485351562, 589.9559936523438)",1,"(0.3897411823272705, 0.5506390929222107)","(-59.92388153076172, 141.688232421875, 44.73320388793945)",1,4.4460296630859375,1,"(39.754268646240234, -24.609689712524414, 589.0828247070312)",1
8795607963,8769485439,"(0.39143484830856323, 0.5238319039344788)","(-58.986751556396484, 149.52828979492188, 47.58684158325195)",1,4.497283935546875,1,"(-18.187965393066406, -19.43094253540039, 589.915283203125)",1,"(0.38991567492485046, 0.5485319495201111)","(-59.827335357666016, 142.30447387695312, 44.9575309753418)",1,4.4693450927734375,1,"(39.848453521728516, -24.62194061279297, 589.0406494140625)",1
8795624584,8769502060,"(0.3904697299003601, 0.5243567824363708)","(-59.520751953125, 149.3748016357422, 47.530948638916016)",1,4.5224456787109375,1,"(-18.085046768188477, -19.36289405822754, 590.0606689453125)",1,"(0.3882518708705902, 0.5489696860313416)","(-60.747901916503906, 142.1764678955078, 44.910953521728516)",1,4.50286865234375,1,"(39.935672760009766, -24.65076446533203, 589.167236328125)",1
8795641132,8769518608,"(0.3905111253261566, 0.5250689387321472)","(-59.497859954833984, 149.16650390625, 47.45512771606445)",1,4.528656005859375,1,"(-18.029706954956055, -19.3229923248291, 590.0879516601562)",1,"(0.3908713757991791, 0.5507850050926208)","(-59.29854202270508, 141.64552307128906, 44.71772003173828)",1,4.49249267578125,1,"(39.98787307739258, -24.659391403198242, 589.18603515625)",1
8795657782,8769535258,"(0.39054447412490845, 0.5218542218208313)","(-59.47941970825195, 150.10670471191406, 47.79734420776367)",1,4.5457763671875,1,"(-17.937118530273438, -19.258832931518555, 590.0582885742188)",1,"(0.3905998766422272, 0.5518910884857178)","(-59.448768615722656, 141.3220672607422, 44.59999084472656)",1,4.51318359375,1,"(40.07578659057617, -24.649375915527344, 589.1448974609375)",1
8795674504,8769551980,"(0.39045026898384094, 0.5267806649208069)","(-59.53154373168945, 148.66592407226562, 47.27294158935547)",1,4.559112548828125,1,"(-17.837690353393555, -19.141279220581055, 590.0116577148438)",1,"(0.3898259699344635, 0.5486962199211121)","(-59.87700271606445, 142.25648498535156, 44.94008255004883)",1,4.534271240234375,1,"(40.1510124206543, -24.60688591003418, 589.095947265625)",1
8795691002,8769568478,"(0.39016374945640564, 0.5289614200592041)","(-59.69009017944336, 148.02813720703125, 47.0407829284668)",1,4.569305419921875,1,"(-17.785869598388672, -19.084497451782227, 590.06298828125)",1,"(0.39039120078086853, 0.5474607348442078)","(-59.564231872558594, 142.61781311035156, 45.07155227661133)",1,4.542816162109375,1,"(40.199806213378906, -24.578405380249023, 589.1441650390625)",1
8795707794,8769585270,"(0.38798320293426514, 0.5222041606903076)","(-60.89655685424805, 150.00436401367188, 47.76009750366211)",1,4.5836639404296875,1,"(-17.7032413482666, -19.035518646240234, 590.2455444335938)",1,"(0.38883212208747864, 0.5476453304290771)","(-60.4268684387207, 142.56378173828125, 45.051937103271484)",1,4.5702362060546875,1,"(40.29289627075195, -24.543855667114258, 589.33203125)",1
8795724424,8769601900,"(0.39077624678611755, 0.5241824388504028)","(-59.35118865966797, 149.42579650878906, 47.54949188232422)",1,4.591522216796875,1,"(-17.647876739501953, -18.99299430847168, 590.3006591796875)",1,"(0.389096200466156, 0.5461249947547913)","(-60.280757904052734, 143.0084228515625, 45.21382141113281)",1,4.58612060546875,1,"(40.35662078857422, -24.51832389831543, 589.3719482421875)",1
8795740968,8769618444,"(0.39538681507110596, 0.5135282874107361)","(-56.80014419555664, 152.54171752929688, 48.683589935302734)",1,4.593597412109375,1,"(-17.581378936767578, -18.922882080078125, 590.2704467773438)",1,"(0.3925199508666992, 0.5380164980888367)","(-58.38639450073242, 145.37985229492188, 46.07691955566406)",1,4.586944580078125,1,"(40.40958786010742, -24.470888137817383, 589.3396606445312)",1
8795757708,8769635184,"(0.43870973587036133, 0.395721435546875)","(-32.82956314086914, 186.9957275390625, 61.223846435546875)",1,4.6269989013671875,1,"(-17.283344268798828, -18.57503318786621, 590.5560302734375)",1,"(0.45137467980384827, 0.4231143593788147)","(-25.822052001953125, 178.98434448242188, 58.30794143676758)",1,4.6479949951171875,1,"(40.6590576171875, -24.124893188476562, 589.60888671875)",1
8795774344,8769651820,"(0.48308104276657104, 0.313188761472702)","(-8.278923034667969, 211.13336181640625, 70.00921630859375)",1,4.62176513671875,1,"(-16.877477645874023, -18.15180778503418, 590.3458251953125)",1,"(0.4847765266895294, 0.3421478867530823)","(-7.340813159942627, 202.6639404296875, 66.92658233642578)",1,4.6017913818359375,1,"(40.85749435424805, -23.73301887512207, 589.3697509765625)",1
8795790837,8769668313,"(0.48855555057525635, 0.30207136273384094)","(-5.249884128570557, 214.3848114013672, 71.192626953125)",1,4.6203460693359375,1,"(-16.8211612701416, -18.042171478271484, 590.7781372070312)",1,"(0.4893109202384949, 0.32838791608810425)","(-4.8319411277771, 206.68821716308594, 68.39131164550781)",1,4.603271484375,1,"(40.94841384887695, -23.638017654418945, 589.732421875)",1
8795807624,8769685100,"(0.49274617433547974, 0.3010379672050476)","(-2.931196451187134, 214.68704223632812, 71.3026123046875)",1,4.6184844970703125,1,"(-16.876821517944336, -17.954557418823242, 591.4091796875)",1,"(0.4908333718776703, 0.32738104462623596)","(-3.989548444747925, 206.98268127441406, 68.49845123291016)",1,4.6038360595703125,1,"(41.03498458862305, -23.58592414855957, 590.4054565429688)",1
8795824264,8769701740,"(0.49619603157043457, 0.29418909549713135)","(-1.0223828554153442, 216.69004821777344, 72.03170776367188)",1,4.6096649169921875,1,"(-16.91771697998047, -17.85227394104004, 591.7000732421875)",1,"(0.49287331104278564, 0.3251815438270569)","(-2.860833168029785, 207.62596130371094, 68.73258209228516)",1,4.6079559326171875,1,"(41.06269836425781, -23.50818634033203, 590.6929931640625)",1
8795840803,8769718279,"(0.4946002960205078, 0.2917598783969879)","(-1.9053127765655518, 217.40049743652344, 72.29026794433594)",1,4.6025390625,1,"(-16.945465087890625, -17.802396774291992, 591.9255981445312)",1,"(0.49133384227752686, 0.32387757301330566)","(-3.712646007537842, 208.00732421875, 68.87139129638672)",1,4.6033172607421875,1,"(41.08024978637695, -23.468032836914062, 590.916259765625)",1
8795857540,8769735016,"(0.49345552921295166, 0.29059672355651855)","(-2.5387027263641357, 217.74069213867188, 72.41409301757812)",1,4.6056976318359375,1,"(-16.996644973754883, -17.727502822875977, 592.1959838867188)",1,"(0.4924180209636688, 0.3187061548233032)","(-3.112757444381714, 209.51974487304688, 69.4218978881836)",1,4.596466064453125,1,"(41.06545639038086, -23.39058494567871, 591.2091674804688)",1
8795874184,8769751660,"(0.4936833381652832, 0.2975406348705292)","(-2.412655830383301, 215.70985412597656, 71.67491149902344)",1,4.6064453125,1,"(-17.056562423706055, -17.627010345458984, 592.20947265625)",1,"(0.49277710914611816, 0.3263574242591858)","(-2.914114475250244, 207.28207397460938, 68.60746002197266)",1,4.59527587890625,1,"(41.017723083496094, -23.275623321533203, 591.2239379882812)",1
8795890673,8769768149,"(0.4940185248851776, 0.2970111072063446)","(-2.2272040843963623, 215.86471557617188, 71.73130798339844)",1,4.6064453125,1,"(-17.10626792907715, -17.585493087768555, 592.2166137695312)",1,"(0.4948539435863495, 0.3277789056301117)","(-1.7649914026260376, 206.86631774902344, 68.45614624023438)",1,4.599212646484375,1,"(40.97613525390625, -23.215490341186523, 591.2301025390625)",1
8795907455,8769784931,"(0.492844820022583, 0.2908891439437866)","(-2.876619815826416, 217.65513610839844, 72.38299560546875)",1,4.6118621826171875,1,"(-17.167627334594727, -17.54561996459961, 592.1702270507812)",1,"(0.4957871437072754, 0.3242807686328888)","(-1.2486132383346558, 207.889404296875, 68.8284683227539)",1,4.5868682861328125,1,"(40.88726806640625, -23.12624168395996, 591.1826782226562)",1
8795924104,8769801580,"(0.49269866943359375, 0.29177239537239075)","(-2.9574739933013916, 217.39683532714844, 72.28893280029297)",1,4.611846923828125,1,"(-17.24387550354004, -17.515663146972656, 592.024658203125)",1,"(0.4940780699253082, 0.3251175582408905)","(-2.194242000579834, 207.6446533203125, 68.73944091796875)",1,4.587005615234375,1,"(40.80781936645508, -23.064285278320312, 591.0555419921875)",1
8795940639,8769818115,"(0.4950563311576843, 0.29223471879959106)","(-1.6529985666275024, 217.2616424560547, 72.23971557617188)",1,4.601531982421875,1,"(-17.300901412963867, -17.507186889648438, 592.1279907226562)",1,"(0.4953661561012268, 0.3243272602558136)","(-1.4815815687179565, 207.8758087158203, 68.8235855102539)",1,4.59552001953125,1,"(40.76036071777344, -23.039016723632812, 591.1567993164062)",1
8795957371,8769834847,"(0.4931686520576477, 0.2893627882003784)","(-2.6974542140960693, 218.1015625, 72.54544830322266)",1,4.605712890625,1,"(-17.367233276367188, -17.508005142211914, 592.4459838867188)",1,"(0.494756281375885, 0.3185807466506958)","(-1.8189955949783325, 209.55642700195312, 69.4352798461914)",1,4.5978851318359375,1,"(40.70787048339844, -23.021045684814453, 591.50048828125)",1
8795974024,8769851500,"(0.4913136661052704, 0.2882020175457001)","(-3.7237813472747803, 218.44105529785156, 72.66899108886719)",1,4.60400390625,1,"(-17.41402244567871, -17.510902404785156, 592.5839233398438)",1,"(0.4958450198173523, 0.3241317570209503)","(-1.216599702835083, 207.9329833984375, 68.84439086914062)",1,4.6021881103515625,1,"(40.65680694580078, -22.989511489868164, 591.6307373046875)",1
8795990508,8769867984,"(0.49275556206703186, 0.2918221950531006)","(-2.9259819984436035, 217.3822784423828, 72.28363800048828)",1,4.6059417724609375,1,"(-17.432844161987305, -17.50798225402832, 592.656982421875)",1,"(0.4966386556625366, 0.3229878842830658)","(-0.7774949073791504, 208.26751708984375, 68.96612548828125)",1,4.5905609130859375,1,"(40.636207580566406, -22.974740982055664, 591.7083740234375)",1
8796007285,8769884761,"(0.4921310245990753, 0.2927402853965759)","(-3.271573781967163, 217.11378479003906, 72.18590545654297)",1,4.605072021484375,1,"(-17.442855834960938, -17.49603843688965, 592.8241577148438)",1,"(0.49538907408714294, 0.32289278507232666)","(-1.4688853025436401, 208.29531860351562, 68.97623443603516)",1,4.591583251953125,1,"(40.635498046875, -22.945350646972656, 591.887451171875)",1
8796023944,8769901420,"(0.49208560585975647, 0.29693326354026794)","(-3.2966737747192383, 215.8874969482422, 71.73954772949219)",1,4.6067657470703125,1,"(-17.419906616210938, -17.444408416748047, 592.9735717773438)",1,"(0.49485400319099426, 0.3254205584526062)","(-1.7649143934249878, 207.5560302734375, 68.70719146728516)",1,4.58673095703125,1,"(40.657066345214844, -22.897769927978516, 592.0211181640625)",1
8796040473,8769917949,"(0.492838591337204, 0.29956984519958496)","(-2.880040407180786, 215.11636352539062, 71.4588851928711)",1,4.60528564453125,1,"(-17.399765014648438, -17.410566329956055, 593.0665283203125)",1,"(0.4946570098400116, 0.3256482481956482)","(-1.8739418983459473, 207.48947143554688, 68.68293762207031)",1,4.577667236328125,1,"(40.677433013916016, -22.860301971435547, 592.1080322265625)",1
8796057201,8769934677,"(0.4942152202129364, 0.29088926315307617)","(-2.118353843688965, 217.6551513671875, 72.38294219970703)",1,4.599365234375,1,"(-17.363466262817383, -17.36805534362793, 593.1427001953125)",1,"(0.49494391679763794, 0.3273499011993408)","(-1.7151497602462769, 206.99179077148438, 68.50179290771484)",1,4.5668487548828125,1,"(40.7075080871582, -22.79019546508789, 592.1829833984375)",1
8796073864,8769951340,"(0.4924060106277466, 0.29959002137184143)","(-3.1193859577178955, 215.11050415039062, 71.45674896240234)",1,4.5937347412109375,1,"(-17.3076229095459, -17.281936645507812, 593.1142578125)",1,"(0.4938470721244812, 0.32713693380355835)","(-2.3220789432525635, 207.0540771484375, 68.52452087402344)",1,4.556396484375,1,"(40.7410774230957, -22.722408294677734, 592.1490478515625)",1
8796090439,8769967916,"(0.4921341836452484, 0.296749085187912)","(-3.2698094844818115, 215.94139099121094, 71.75917053222656)",1,4.5865325927734375,1,"(-17.279682159423828, -17.257848739624023, 593.2431640625)",1,"(0.49599048495292664, 0.3254963755607605)","(-1.1361148357391357, 207.53390502929688, 68.69912719726562)",1,4.561767578125,1,"(40.76949691772461, -22.69110679626465, 592.2620849609375)",1
8796107117,8769984594,"(0.49095970392227173, 0.29799702763557434)","(-3.9196603298187256, 215.57640075683594, 71.6263656616211)",1,4.587738037109375,1,"(-17.23027992248535, -17.222063064575195, 593.5509643554688)",1,"(0.4956108331680298, 0.3246780335903168)","(-1.3461886644363403, 207.773193359375, 68.78620147705078)",1,4.560150146484375,1,"(40.8338737487793, -22.643333435058594, 592.5902709960938)",1
8796123784,8770001261,"(0.4927138090133667, 0.29352080821990967)","(-2.9491069316864014, 216.88551330566406, 72.10281372070312)",1,4.5941009521484375,1,"(-17.18620491027832, -17.189773559570312, 593.8485107421875)",1,"(0.49580907821655273, 0.33263084292411804)","(-1.2364747524261475, 205.44729614257812, 67.93965911865234)",1,4.5612945556640625,1,"(40.89977264404297, -22.583412170410156, 592.8606567382812)",1
8796140309,8770017786,"(0.49167531728744507, 0.2940298616886139)","(-3.5237033367156982, 216.73663330078125, 72.04862213134766)",1,4.5860443115234375,1,"(-17.15043067932129, -17.161636352539062, 593.9293823242188)",1,"(0.49481913447380066, 0.32945311069488525)","(-1.7842451333999634, 206.37669372558594, 68.27790832519531)",1,4.5661163330078125,1,"(40.94333267211914, -22.561492919921875, 592.9439697265625)",1
8796157032,8770034509,"(0.4894675314426422, 0.30069050192832947)","(-4.745264530181885, 214.7886505126953, 71.33964538574219)",1,4.5916595458984375,1,"(-17.07513427734375, -17.107757568359375, 594.0354614257812)",1,"(0.4927458167076111, 0.3268384337425232)","(-2.9313976764678955, 207.14134216308594, 68.55626678466797)",1,4.5786285400390625,1,"(41.02404022216797, -22.518964767456055, 593.049072265625)",1
8796173704,8770051181,"(0.48872455954551697, 0.2985391914844513)","(-5.156365394592285, 215.4178009033203, 71.56864929199219)",1,4.6048126220703125,1,"(-16.992136001586914, -17.073528289794922, 594.0589599609375)",1,"(0.4955056607723236, 0.3241834342479706)","(-1.4043678045272827, 207.91787719726562, 68.83885192871094)",1,4.5800323486328125,1,"(41.0849609375, -22.497074127197266, 593.0547485351562)",1
8796190275,8770067752,"(0.4902057945728302, 0.299562931060791)","(-4.33679723739624, 215.11842346191406, 71.45965576171875)",1,4.5995635986328125,1,"(-16.943742752075195, -17.061084747314453, 594.016357421875)",1,"(0.49423947930336, 0.3246643841266632)","(-2.104949474334717, 207.77720642089844, 68.78767395019531)",1,4.5823822021484375,1,"(41.130523681640625, -22.488601684570312, 593.00439453125)",1
8796206948,8770084425,"(0.48789775371551514, 0.29770898818969727)","(-5.613831043243408, 215.66062927246094, 71.65699005126953)",1,4.6053924560546875,1,"(-16.860910415649414, -17.04068946838379, 594.0664672851562)",1,"(0.4922368824481964, 0.3254653513431549)","(-3.2129926681518555, 207.54296875, 68.702392578125)",1,4.5901641845703125,1,"(41.214603424072266, -22.48675537109375, 593.0534057617188)",1
8796223624,8770101101,"(0.4895383417606354, 0.2947729527950287)","(-4.706090927124023, 216.51930236816406, 71.96952819824219)",1,4.6148223876953125,1,"(-16.799423217773438, -17.00874900817871, 594.1507568359375)",1,"(0.4928099513053894, 0.32794469594955444)","(-2.895897388458252, 206.81785583496094, 68.43848419189453)",1,4.6028594970703125,1,"(41.27606201171875, -22.47316551208496, 593.1212768554688)",1
8796240145,8770117622,"(0.4915812611579895, 0.29678887128829956)","(-3.5757174491882324, 215.92971801757812, 71.75494384765625)",1,4.6176605224609375,1,"(-16.7624568939209, -16.982295989990234, 594.12353515625)",1,"(0.4936350882053375, 0.3275122344493866)","(-2.439359188079834, 206.94432067871094, 68.48451232910156)",1,4.6078033447265625,1,"(41.301815032958984, -22.459890365600586, 593.0926513671875)",1
8796256863,8770134340,"(0.48927584290504456, 0.3007577657699585)","(-4.851337909698486, 214.7689971923828, 71.33245849609375)",1,4.6230316162109375,1,"(-16.7116641998291, -16.949247360229492, 594.2174072265625)",1,"(0.4938552677631378, 0.3266603946685791)","(-2.317535161972046, 207.19345092773438, 68.57525634765625)",1,4.6226043701171875,1,"(41.355770111083984, -22.451860427856445, 593.2006225585938)",1
8796273544,8770151021,"(0.4885852336883545, 0.30084991455078125)","(-5.233441352844238, 214.74203491210938, 71.32268524169922)",1,4.6427001953125,1,"(-16.6801700592041, -16.94635009765625, 594.5144653320312)",1,"(0.4928741753101349, 0.3282710313796997)","(-2.860369920730591, 206.72242736816406, 68.40373229980469)",1,4.63861083984375,1,"(41.40650939941406, -22.459558486938477, 593.4716796875)",1
8796290111,8770167588,"(0.49053362011909485, 0.2970898151397705)","(-4.155421733856201, 215.84170532226562, 71.72293090820312)",1,4.6434326171875,1,"(-16.668468475341797, -16.946733474731445, 594.5911865234375)",1,"(0.49157992005348206, 0.3317444920539856)","(-3.576476573944092, 205.70655822753906, 68.03396606445312)",1,4.653106689453125,1,"(41.42671203613281, -22.46113395690918, 593.5494995117188)",1
8796306874,8770184351,"(0.48904848098754883, 0.29531681537628174)","(-4.977145671844482, 216.36026000976562, 71.91162872314453)",1,4.6552886962890625,1,"(-16.65635108947754, -16.94351577758789, 594.61962890625)",1,"(0.4902019798755646, 0.3306860625743866)","(-4.338918209075928, 206.01608276367188, 68.14673614501953)",1,4.662384033203125,1,"(41.44254684448242, -22.448413848876953, 593.5794067382812)",1
8796323468,8770200945,"(0.49108606576919556, 0.30078110098838806)","(-3.8497445583343506, 214.76214599609375, 71.32999420166016)",1,4.664642333984375,1,"(-16.670486450195312, -16.92416763305664, 594.722412109375)",1,"(0.49345600605010986, 0.33579668402671814)","(-2.5384597778320312, 204.52145385742188, 67.6026840209961)",1,4.6707763671875,1,"(41.4311637878418, -22.41396141052246, 593.6767578125)",1
8796339980,8770217457,"(0.4900461733341217, 0.3003524839878082)","(-4.4251251220703125, 214.88751220703125, 71.37561798095703)",1,4.6707916259765625,1,"(-16.68082618713379, -16.91884422302246, 594.7662353515625)",1,"(0.49346742033958435, 0.3344113230705261)","(-2.5320889949798584, 204.92657470703125, 67.7501449584961)",1,4.6682891845703125,1,"(41.42556381225586, -22.399669647216797, 593.7282104492188)",1
8796356790,8770234267,"(0.49056389927864075, 0.2986338138580322)","(-4.138645648956299, 215.39015197753906, 71.55854797363281)",1,4.6776275634765625,1,"(-16.701065063476562, -16.916120529174805, 594.8329467773438)",1,"(0.492496132850647, 0.3383181393146515)","(-3.0695207118988037, 203.78399658203125, 67.33431243896484)",1,4.7005157470703125,1,"(41.41140365600586, -22.38341522216797, 593.8006591796875)",1
8796373388,8770250865,"(0.4906613826751709, 0.29906603693962097)","(-4.084719181060791, 215.26373291015625, 71.51258087158203)",1,4.6892852783203125,1,"(-16.70400619506836, -16.929479598999023, 594.855712890625)",1,"(0.49141091108322144, 0.33578959107398987)","(-3.6700079441070557, 204.52352905273438, 67.6033935546875)",1,4.714630126953125,1,"(41.409950256347656, -22.37723159790039, 593.8257446289062)",1
8796389946,8770267423,"(0.48939940333366394, 0.30067893862724304)","(-4.782928943634033, 214.79200744628906, 71.34088897705078)",1,4.695037841796875,1,"(-16.698562622070312, -16.934537887573242, 594.8741455078125)",1,"(0.4912920892238617, 0.3336234390735626)","(-3.735743999481201, 205.1570281982422, 67.833984375)",1,4.71783447265625,1,"(41.41695785522461, -22.370925903320312, 593.8419799804688)",1
8796406706,8770284183,"(0.48915979266166687, 0.298869252204895)","(-4.915523052215576, 215.3212890625, 71.53350830078125)",1,4.6976318359375,1,"(-16.676015853881836, -16.954133987426758, 594.938720703125)",1,"(0.49170905351638794, 0.33289358019828796)","(-3.505023717880249, 205.37046813964844, 67.91170501708984)",1,4.7241668701171875,1,"(41.45343017578125, -22.3685302734375, 593.9097290039062)",1
8796423308,8770300785,"(0.48875004053115845, 0.2927348017692566)","(-5.142257213592529, 217.1154022216797, 72.18645477294922)",1,4.7106170654296875,1,"(-16.615800857543945, -16.968048095703125, 594.9221801757812)",1,"(0.4923560321331024, 0.3317730128765106)","(-3.147057056427002, 205.69818115234375, 68.03101348876953)",1,4.7201690673828125,1,"(41.505680084228516, -22.36405372619629, 593.8853149414062)",1
8796439816,8770317293,"(0.4888446033000946, 0.2978118062019348)","(-5.08995246887207, 215.630615234375, 71.64603424072266)",1,4.7134246826171875,1,"(-16.56562042236328, -16.9644718170166, 594.9098510742188)",1,"(0.4926479160785675, 0.32870444655418396)","(-2.9855704307556152, 206.59564208984375, 68.35763549804688)",1,4.719757080078125,1,"(41.55607604980469, -22.357547760009766, 593.8601684570312)",1
8796456621,8770334098,"(0.4888339042663574, 0.30219101905822754)","(-5.095859527587891, 214.3498077392578, 71.17989349365234)",1,4.716094970703125,1,"(-16.4717960357666, -16.942720413208008, 595.0218505859375)",1,"(0.4924493134021759, 0.33019596338272095)","(-3.0954504013061523, 206.15943908691406, 68.19886016845703)",1,4.7206878662109375,1,"(41.682647705078125, -22.350622177124023, 593.97607421875)",1
8796473229,8770350706,"(0.48939216136932373, 0.2992098033428192)","(-4.78699254989624, 215.22169494628906, 71.49726104736328)",1,4.7138824462890625,1,"(-16.360668182373047, -16.92864990234375, 595.17626953125)",1,"(0.4926720857620239, 0.3332822918891907)","(-2.9721896648406982, 205.25680541992188, 67.87034606933594)",1,4.726318359375,1,"(41.79759979248047, -22.34687614440918, 594.1022338867188)",1
8796489782,8770367259,"(0.48918911814689636, 0.3001558780670166)","(-4.8993120193481445, 214.9450225830078, 71.39655303955078)",1,4.713623046875,1,"(-16.285303115844727, -16.924489974975586, 595.167724609375)",1,"(0.4933609962463379, 0.32995039224624634)","(-2.5909955501556396, 206.23123168945312, 68.22502136230469)",1,4.7259063720703125,1,"(41.867977142333984, -22.348031997680664, 594.0892333984375)",1
8796506537,8770384014,"(0.4891938865184784, 0.30350834131240845)","(-4.896695613861084, 213.9645538330078, 71.03968811035156)",1,4.718475341796875,1,"(-16.175569534301758, -16.921091079711914, 595.0617065429688)",1,"(0.49543505907058716, 0.3305484354496002)","(-1.4434257745742798, 206.05633544921875, 68.16136932373047)",1,4.7362823486328125,1,"(41.97649383544922, -22.356794357299805, 593.962646484375)",1
8796523149,8770400626,"(0.48743754625320435, 0.30219408869743347)","(-5.868431568145752, 214.348876953125, 71.1795883178711)",1,4.7167816162109375,1,"(-16.072650909423828, -16.90384864807129, 595.0501708984375)",1,"(0.4939582049846649, 0.3313577175140381)","(-2.260589599609375, 205.81968688964844, 68.0751724243164)",1,4.73095703125,1,"(42.08497619628906, -22.36087989807129, 593.9456176757812)",1
8796539651,8770417128,"(0.48722007870674133, 0.30358126759529114)","(-5.988776683807373, 213.9431915283203, 71.03195190429688)",1,4.7252655029296875,1,"(-16.027284622192383, -16.890748977661133, 595.100830078125)",1,"(0.49492329359054565, 0.3332335352897644)","(-1.7266098260879517, 205.27105712890625, 67.87549591064453)",1,4.7247314453125,1,"(42.14042663574219, -22.36467170715332, 593.9830932617188)",1
8796556451,8770433928,"(0.489522248506546, 0.30095767974853516)","(-4.71501350402832, 214.71047973632812, 71.31120300292969)",1,4.7292633056640625,1,"(-15.986672401428223, -16.8743839263916, 595.1903686523438)",1,"(0.4942607283592224, 0.3371936082839966)","(-2.093193531036377, 204.1129150390625, 67.45394897460938)",1,4.7301788330078125,1,"(42.21141815185547, -22.37770652770996, 594.075927734375)",1
8796573069,8770450546,"(0.49036529660224915, 0.2955824136734009)","(-4.248532295227051, 216.28256225585938, 71.88336181640625)",1,4.7255706787109375,1,"(-15.976839065551758, -16.85919761657715, 595.2926635742188)",1,"(0.4930698275566101, 0.33899009227752686)","(-2.752122640609741, 203.58749389648438, 67.26275634765625)",1,4.7361907958984375,1,"(42.2419548034668, -22.38644790649414, 594.1704711914062)",1
8796589617,8770467094,"(0.49052000045776367, 0.2953019142150879)","(-4.162938594818115, 216.3646240234375, 71.9132080078125)",1,4.7295074462890625,1,"(-15.990218162536621, -16.862777709960938, 595.367431640625)",1,"(0.4944232702255249, 0.3358026146888733)","(-2.0032601356506348, 204.5197296142578, 67.6020278930664)",1,4.7422027587890625,1,"(42.24009323120117, -22.396379470825195, 594.2417602539062)",1
8796606367,8770483844,"(0.4883352518081665, 0.2989332377910614)","(-5.371753692626953, 215.3025665283203, 71.5267105102539)",1,4.731658935546875,1,"(-16.019840240478516, -16.874303817749023, 595.5181884765625)",1,"(0.49494484066963196, 0.33616459369659424)","(-1.7146830558776855, 204.413818359375, 67.56351470947266)",1,4.751556396484375,1,"(42.21611022949219, -22.41611671447754, 594.4080810546875)",1
8796622988,8770500465,"(0.48803189396858215, 0.30326148867607117)","(-5.5396037101745605, 214.03671264648438, 71.06597900390625)",1,4.72784423828125,1,"(-16.08190155029297, -16.884376525878906, 595.4656982421875)",1,"(0.49503293633461, 0.336504191160202)","(-1.6659581661224365, 204.3145294189453, 67.52735900878906)",1,4.750885009765625,1,"(42.153560638427734, -22.418458938598633, 594.3610229492188)",1
8796639486,8770516963,"(0.4881708025932312, 0.3014180660247803)","(-5.462743759155273, 214.5758514404297, 71.26216888427734)",1,4.72479248046875,1,"(-16.124736785888672, -16.903703689575195, 595.3245849609375)",1,"(0.4945099949836731, 0.33793339133262634)","(-1.9552674293518066, 203.8965301513672, 67.3752212524414)",1,4.7548065185546875,1,"(42.106201171875, -22.4211483001709, 594.2357177734375)",1
8796656283,8770533760,"(0.4906083643436432, 0.29957637190818787)","(-4.114030361175537, 215.11453247070312, 71.45816802978516)",1,4.73297119140625,1,"(-16.20026397705078, -16.95687484741211, 595.0735473632812)",1,"(0.4932197332382202, 0.34165963530540466)","(-2.669172525405884, 202.80673217773438, 66.97856903076172)",1,4.764068603515625,1,"(42.0130615234375, -22.436504364013672, 593.9769897460938)",1
8796672909,8770550386,"(0.49119991064071655, 0.3058552145957947)","(-3.7867584228515625, 213.27818298339844, 70.78986358642578)",1,4.7359161376953125,1,"(-16.26971435546875, -17.027660369873047, 594.9692993164062)",1,"(0.49268126487731934, 0.33229324221611023)","(-2.9671051502227783, 205.5460205078125, 67.97560119628906)",1,4.7554473876953125,1,"(41.941768646240234, -22.502771377563477, 593.890625)",1
8796689452,8770566929,"(0.49080491065979004, 0.3022210896015167)","(-4.005292892456055, 214.34100341796875, 71.17668914794922)",1,4.7385711669921875,1,"(-16.315109252929688, -17.08271598815918, 594.909912109375)",1,"(0.48934537172317505, 0.3300538659095764)","(-4.812866687774658, 206.20098876953125, 68.21397399902344)",1,4.75408935546875,1,"(41.904762268066406, -22.53348159790039, 593.8380126953125)",1
8796706198,8770583675,"(0.49090567231178284, 0.29973939061164856)","(-3.9495489597320557, 215.06680297851562, 71.44087219238281)",1,4.7355194091796875,1,"(-16.381103515625, -17.144437789916992, 594.715087890625)",1,"(0.49197474122047424, 0.3375932276248932)","(-3.3580305576324463, 203.9959716796875, 67.41145324707031)",1,4.7657470703125,1,"(41.810874938964844, -22.56688117980957, 593.631591796875)",1
8796722829,8770600306,"(0.4913583993911743, 0.2999042868614197)","(-3.699054718017578, 215.01856994628906, 71.42329406738281)",1,4.735565185546875,1,"(-16.441116333007812, -17.20479393005371, 594.5881958007812)",1,"(0.49255669116973877, 0.33239513635635376)","(-3.0360267162323, 205.51625061035156, 67.96479034423828)",1,4.756500244140625,1,"(41.75104904174805, -22.582929611206055, 593.527099609375)",1
8796739322,8770616799,"(0.4877549111843109, 0.2995719909667969)","(-5.692875385284424, 215.1157684326172, 71.45869445800781)",1,4.7418212890625,1,"(-16.45751953125, -17.238319396972656, 594.5735473632812)",1,"(0.4905855059623718, 0.33681976795196533)","(-4.126668453216553, 204.22218322753906, 67.49382781982422)",1,4.7696075439453125,1,"(41.72651290893555, -22.58774185180664, 593.5169677734375)",1
8796756114,8770633591,"(0.4886655807495117, 0.30561137199401855)","(-5.188994407653809, 213.34945678710938, 70.81584167480469)",1,4.7478485107421875,1,"(-16.47464942932129, -17.261022567749023, 594.5708618164062)",1,"(0.48985493183135986, 0.3381737172603607)","(-4.530910015106201, 203.82623291015625, 67.34965515136719)",1,4.777679443359375,1,"(41.71924591064453, -22.586069107055664, 593.5211181640625)",1
8796772749,8770650226,"(0.4891856610774994, 0.30681702494621277)","(-4.901231288909912, 212.99685668945312, 70.68746185302734)",1,4.7486572265625,1,"(-16.459890365600586, -17.283601760864258, 594.7235107421875)",1,"(0.49229344725608826, 0.33083051443099976)","(-3.181671380996704, 205.97384643554688, 68.1313247680664)",1,4.767669677734375,1,"(41.74956512451172, -22.58911895751953, 593.6618041992188)",1
8796789288,8770666765,"(0.4910483658313751, 0.3086184561252594)","(-3.870596170425415, 212.4700164794922, 70.49573516845703)",1,4.7548065185546875,1,"(-16.435400009155273, -17.28357696533203, 594.7552490234375)",1,"(0.492090106010437, 0.3306789994239807)","(-3.294203996658325, 206.01815795898438, 68.14743041992188)",1,4.7656402587890625,1,"(41.782840728759766, -22.586448669433594, 593.6930541992188)",1
8796806028,8770683505,"(0.4917236566543579, 0.3047434389591217)","(-3.4969468116760254, 213.60330200195312, 70.90821838378906)",1,4.7555999755859375,1,"(-16.390291213989258, -17.26441192626953, 594.7786254882812)",1,"(0.49246349930763245, 0.3322790265083313)","(-3.0875940322875977, 205.55020141601562, 67.97715759277344)",1,4.761962890625,1,"(41.84321212768555, -22.549564361572266, 593.7111206054688)",1
8796822668,8770700145,"(0.4907768964767456, 0.30171623826026917)","(-4.020766735076904, 214.48863220214844, 71.23046112060547)",1,4.7558441162109375,1,"(-16.333219528198242, -17.230440139770508, 594.7235107421875)",1,"(0.4928748905658722, 0.3293211758136749)","(-2.859964370727539, 206.41526794433594, 68.2919692993164)",1,4.764739990234375,1,"(41.88948059082031, -22.501558303833008, 593.6464233398438)",1
8796839254,8770716731,"(0.48995840549468994, 0.3027782142162323)","(-4.47365665435791, 214.17803955078125, 71.11741638183594)",1,4.7573699951171875,1,"(-16.294742584228516, -17.194900512695312, 594.65625)",1,"(0.4937516152858734, 0.33178213238716125)","(-2.374903678894043, 205.69554138183594, 68.0300064086914)",1,4.76300048828125,1,"(41.91205978393555, -22.461545944213867, 593.5671997070312)",1
8796855944,8770733421,"(0.48938730359077454, 0.30000895261764526)","(-4.789645195007324, 214.98797607421875, 71.41218566894531)",1,4.7524261474609375,1,"(-16.25977897644043, -17.167972564697266, 594.6331787109375)",1,"(0.4930075407028198, 0.3325158357620239)","(-2.7865805625915527, 205.48094177246094, 67.9519271850586)",1,4.7589111328125,1,"(41.94686508178711, -22.408823013305664, 593.5426025390625)",1
8796872589,8770750067,"(0.488950252532959, 0.3014693856239319)","(-5.031486511230469, 214.56085205078125, 71.25672149658203)",1,4.762908935546875,1,"(-16.231300354003906, -17.147462844848633, 594.6087036132812)",1,"(0.49350592494010925, 0.3349018096923828)","(-2.510828733444214, 204.78314208984375, 67.69792938232422)",1,4.76263427734375,1,"(41.976165771484375, -22.377336502075195, 593.5181274414062)",1
8796889123,8770766601,"(0.4887068569660187, 0.29962432384490967)","(-5.166151523590088, 215.1004638671875, 71.4531478881836)",1,4.75567626953125,1,"(-16.214128494262695, -17.14434242248535, 594.5958862304688)",1,"(0.49372920393943787, 0.33409833908081055)","(-2.387295961380005, 205.0181427001953, 67.78346252441406)",1,4.7662200927734375,1,"(41.990848541259766, -22.371313095092773, 593.500244140625)",1
8796905860,8770783338,"(0.48876187205314636, 0.30220139026641846)","(-5.135711193084717, 214.34677124023438, 71.17878723144531)",1,4.7540130615234375,1,"(-16.193571090698242, -17.138877868652344, 594.7314453125)",1,"(0.4923924207687378, 0.3332158327102661)","(-3.1269185543060303, 205.27621459960938, 67.87739562988281)",1,4.7749481201171875,1,"(42.040306091308594, -22.36280059814453, 593.6475830078125)",1
8796922509,8770799987,"(0.4897516667842865, 0.3044123351573944)","(-4.588042259216309, 213.7001495361328, 70.94342803955078)",1,4.7591400146484375,1,"(-16.175739288330078, -17.13906478881836, 594.8777465820312)",1,"(0.49312636256217957, 0.3298914432525635)","(-2.7208497524261475, 206.24847412109375, 68.23130798339844)",1,4.7743988037109375,1,"(42.076961517333984, -22.362016677856445, 593.7753295898438)",1
8796939089,8770816567,"(0.490581214427948, 0.3056259751319885)","(-4.129049777984619, 213.34521484375, 70.81424713134766)",1,4.7655181884765625,1,"(-16.154911041259766, -17.13987922668457, 594.8723754882812)",1,"(0.49309417605400085, 0.33149948716163635)","(-2.738654136657715, 205.77816772460938, 68.06011199951172)",1,4.7777557373046875,1,"(42.09272384643555, -22.358718872070312, 593.7713623046875)",1
8796955775,8770833253,"(0.4882969856262207, 0.3055817782878876)","(-5.3929572105407715, 213.35812377929688, 70.81897735595703)",1,4.767181396484375,1,"(-16.110841751098633, -17.15132713317871, 594.7825927734375)",1,"(0.4932408630847931, 0.3360416293144226)","(-2.657475471496582, 204.4497833251953, 67.57662200927734)",1,4.78192138671875,1,"(42.11408615112305, -22.3649845123291, 593.6685180664062)",1
8796972429,8770849907,"(0.4871734380722046, 0.30633774399757385)","(-6.0146098136901855, 213.13705444335938, 70.73846435546875)",1,4.769439697265625,1,"(-16.067867279052734, -17.174604415893555, 594.6727294921875)",1,"(0.49453598260879517, 0.33826595544815063)","(-1.9408917427062988, 203.7992706298828, 67.33980560302734)",1,4.7831878662109375,1,"(42.140037536621094, -22.392099380493164, 593.5610961914062)",1
8796988959,8770866437,"(0.48928940296173096, 0.3070219159126282)","(-4.843846321105957, 212.9369659423828, 70.66566467285156)",1,4.749603271484375,1,"(-16.046180725097656, -17.18499183654785, 594.6278686523438)",1,"(0.49301019310951233, 0.33439067006111145)","(-2.785122871398926, 204.93263244628906, 67.7522964477539)",1,4.792877197265625,1,"(42.16067123413086, -22.41651725769043, 593.5184936523438)",1
8797005691,8770883169,"(0.48943349719047546, 0.3067634105682373)","(-4.76409387588501, 213.01255798339844, 70.69318389892578)",1,4.7514801025390625,1,"(-16.01847267150879, -17.208965301513672, 594.4823608398438)",1,"(0.49125516414642334, 0.3284216821193695)","(-3.756181001663208, 206.67835998535156, 68.38772583007812)",1,4.7784423828125,1,"(42.1792106628418, -22.46510124206543, 593.3516845703125)",1
8797022349,8770899827,"(0.4886370599269867, 0.31010326743125916)","(-5.204794406890869, 212.0357666015625, 70.337646484375)",1,4.7632904052734375,1,"(-15.994720458984375, -17.204345703125, 594.2330932617188)",1,"(0.4917110502719879, 0.32956284284591675)","(-3.503962278366089, 206.3446044921875, 68.26626586914062)",1,4.7761993408203125,1,"(42.17548751831055, -22.487415313720703, 593.1213989257812)",1
8797038925,8770916403,"(0.49021196365356445, 0.3110455274581909)","(-4.333391189575195, 211.7601776123047, 70.23735046386719)",1,4.765472412109375,1,"(-15.990897178649902, -17.1936092376709, 594.189453125)",1,"(0.49180370569229126, 0.33125659823417664)","(-3.452662229537964, 205.8492431640625, 68.08595275878906)",1,4.7871856689453125,1,"(42.17399215698242, -22.489139556884766, 593.07373046875)",1
8797055606,8770933084,"(0.4876915514469147, 0.30895930528640747)","(-5.727916240692139, 212.37033081054688, 70.4594497680664)",1,4.7703399658203125,1,"(-15.9822359085083, -17.174442291259766, 594.2515869140625)",1,"(0.49206626415252686, 0.3331259787082672)","(-3.3073959350585938, 205.30252075195312, 67.88697052001953)",1,4.7910308837890625,1,"(42.17827606201172, -22.486984252929688, 593.1403198242188)",1
8797072268,8770949746,"(0.4880913197994232, 0.3101021349430084)","(-5.506722927093506, 212.03611755371094, 70.33777618408203)",1,4.77410888671875,1,"(-15.981072425842285, -17.15378189086914, 594.2546997070312)",1,"(0.4929296374320984, 0.329493910074234)","(-2.8297178745269775, 206.36474609375, 68.2735824584961)",1,4.78411865234375,1,"(42.17716598510742, -22.479520797729492, 593.140380859375)",1
8797088794,8770966272,"(0.4874545633792877, 0.30845487117767334)","(-5.859044075012207, 212.51785278320312, 70.51316833496094)",1,4.762786865234375,1,"(-15.981892585754395, -17.14822769165039, 594.2882690429688)",1,"(0.4941387176513672, 0.3307856321334839)","(-2.160703659057617, 205.98696899414062, 68.1360855102539)",1,4.7845306396484375,1,"(42.17700958251953, -22.479814529418945, 593.1707763671875)",1
8797105521,8770982999,"(0.48694100975990295, 0.31287461519241333)","(-6.143194198608398, 211.22528076171875, 70.04263305664062)",1,4.77020263671875,1,"(-15.984652519226074, -17.134016036987305, 594.4223022460938)",1,"(0.492458313703537, 0.331809401512146)","(-3.090484857559204, 205.68756103515625, 68.027099609375)",1,4.7923431396484375,1,"(42.17964553833008, -22.478130340576172, 593.3165893554688)",1
8797122188,8770999666,"(0.48612773418426514, 0.31612277030944824)","(-6.593219757080078, 210.27529907226562, 69.69691467285156)",1,4.781219482421875,1,"(-15.996625900268555, -17.114450454711914, 594.566162109375)",1,"(0.4938482642173767, 0.33421590924263)","(-2.321394920349121, 204.9837188720703, 67.77093505859375)",1,4.793121337890625,1,"(42.1635856628418, -22.45766830444336, 593.450439453125)",1
8797138760,8771016238,"(0.48538094758987427, 0.3143414258956909)","(-7.006389141082764, 210.7962646484375, 69.88652038574219)",1,4.7794036865234375,1,"(-16.01142120361328, -17.094585418701172, 594.5934448242188)",1,"(0.4940764009952545, 0.3335581123828888)","(-2.1951794624328613, 205.17613220214844, 67.8409652709961)",1,4.8001708984375,1,"(42.1488151550293, -22.438556671142578, 593.4849243164062)",1
8797155437,8771032915,"(0.48707959055900574, 0.3172980546951294)","(-6.066528797149658, 209.9315643310547, 69.57179260253906)",1,4.7742919921875,1,"(-16.046327590942383, -17.075725555419922, 594.52587890625)",1,"(0.49318382143974304, 0.331038236618042)","(-2.6890337467193604, 205.9130859375, 68.10920715332031)",1,4.7868499755859375,1,"(42.106285095214844, -22.42481231689453, 593.4127197265625)",1
8797172108,8771049586,"(0.48636069893836975, 0.31930968165397644)","(-6.464265823364258, 209.34324645996094, 69.3576889038086)",1,4.7764129638671875,1,"(-16.081188201904297, -17.08190155029297, 594.4588623046875)",1,"(0.4936261773109436, 0.3345700800418854)","(-2.4442968368530273, 204.88015747070312, 67.73322296142578)",1,4.78875732421875,1,"(42.06816482543945, -22.426698684692383, 593.3587036132812)",1
8797188629,8771066107,"(0.4881822466850281, 0.31925591826438904)","(-5.456421852111816, 209.35897827148438, 69.3634262084961)",1,4.7886810302734375,1,"(-16.11418914794922, -17.08994483947754, 594.49560546875)",1,"(0.49399274587631226, 0.33201637864112854)","(-2.241468667984009, 205.62705993652344, 68.00508117675781)",1,4.805877685546875,1,"(42.047515869140625, -22.42877769470215, 593.3904418945312)",1
8797205352,8771082830,"(0.486264169216156, 0.31536737084388733)","(-6.5177001953125, 210.4962158203125, 69.77738189697266)",1,4.7847442626953125,1,"(-16.171998977661133, -17.094440460205078, 594.5672607421875)",1,"(0.49295273423194885, 0.3344488739967346)","(-2.8168962001800537, 204.9156036376953, 67.74620056152344)",1,4.808929443359375,1,"(41.998695373535156, -22.425195693969727, 593.4756469726562)",1
8797222029,8771099507,"(0.4861960709095001, 0.3154781460762024)","(-6.555375576019287, 210.46383666992188, 69.76551055908203)",1,4.792022705078125,1,"(-16.255037307739258, -17.092370986938477, 594.5968627929688)",1,"(0.4929417073726654, 0.3352006673812866)","(-2.822986602783203, 204.6957550048828, 67.66609191894531)",1,4.8136138916015625,1,"(41.92906188964844, -22.401437759399414, 593.5074462890625)",1
8797238595,8771116073,"(0.4874781668186188, 0.3170469105243683)","(-5.845963001251221, 210.00503540039062, 69.59851837158203)",1,4.79815673828125,1,"(-16.31547737121582, -17.09418296813965, 594.600341796875)",1,"(0.49158212542533875, 0.33424296975135803)","(-3.5752594470977783, 204.97584533691406, 67.76805114746094)",1,4.8097381591796875,1,"(41.88054656982422, -22.382293701171875, 593.51611328125)",1
8797255268,8771132746,"(0.4851132333278656, 0.3181908428668976)","(-7.154510498046875, 209.6704864501953, 69.47675323486328)",1,4.8029327392578125,1,"(-16.409713745117188, -17.0734920501709, 594.6526489257812)",1,"(0.49253079295158386, 0.3351846933364868)","(-3.0503571033477783, 204.70040893554688, 67.6678466796875)",1,4.82977294921875,1,"(41.773319244384766, -22.342233657836914, 593.5790405273438)",1
8797271949,8771149427,"(0.48445188999176025, 0.31353750824928284)","(-7.520417213439941, 211.0313720703125, 69.97212982177734)",1,4.8152008056640625,1,"(-16.531997680664062, -17.055959701538086, 594.7257080078125)",1,"(0.49303457140922546, 0.3252588212490082)","(-2.771610736846924, 207.6033172607422, 68.72441101074219)",1,4.83477783203125,1,"(41.67747497558594, -22.313480377197266, 593.6580810546875)",1
8797288465,8771165943,"(0.48495247960090637, 0.31774237751960754)","(-7.243434906005859, 209.8015899658203, 69.5245590209961)",1,4.816253662109375,1,"(-16.613388061523438, -17.038089752197266, 594.9627075195312)",1,"(0.4910408854484558, 0.3243664503097534)","(-3.874738931655884, 207.86431884765625, 68.81938171386719)",1,4.82928466796875,1,"(41.63445281982422, -22.291975021362305, 593.8938598632812)",1
8797305280,8771182758,"(0.4870651662349701, 0.3175657093524933)","(-6.074477195739746, 209.85328674316406, 69.54331970214844)",1,4.83245849609375,1,"(-16.7552490234375, -17.025503158569336, 595.3173217773438)",1,"(0.4931250810623169, 0.32607072591781616)","(-2.7215678691864014, 207.3658905029297, 68.63799285888672)",1,4.8512115478515625,1,"(41.52267074584961, -22.249828338623047, 594.2854614257812)",1
8797321869,8771199347,"(0.48653846979141235, 0.3156139552593231)","(-6.3659162521362305, 210.42408752441406, 69.75110626220703)",1,4.8434906005859375,1,"(-16.89177703857422, -17.002540588378906, 595.545654296875)",1,"(0.4916799068450928, 0.32632991671562195)","(-3.521141767501831, 207.29010009765625, 68.6103744506836)",1,4.869140625,1,"(41.42767333984375, -22.212783813476562, 594.5083618164062)",1
8797338431,8771215909,"(0.4867270290851593, 0.31512942910194397)","(-6.261596202850342, 210.56582641601562, 69.80268859863281)",1,4.8559417724609375,1,"(-16.969207763671875, -16.989654541015625, 595.6160888671875)",1,"(0.49010974168777466, 0.3304552435874939)","(-4.3899054527282715, 206.08360290527344, 68.1712646484375)",1,4.871978759765625,1,"(41.369178771972656, -22.185522079467773, 594.5899658203125)",1
